mov
push
mov
push
push
mov
mov
push
push
push
push
push
call
push
push
push
push
push
call
pop
xor
pop
pop
mov
xor
mov
mov
mov
mov
push
mov
sub
push
push
mov
xor
push
lea
mov
call
mov
cmp
push
call
pop
mov
lea
push
lea
push
push
lea
mov
mov
call
cmp
mov
mov
xor
jmp
cmp
cmp
mov
jmp
push
call
cmp
pop
mov
push
pop
mov
jmp
mov
mov
and
push
lea
push
push
lea
call
test
mov
mov
test
mov
mov
jbe
and
mov
mov
mov
lea
push
push
call
test
mov
mov
lea
push
push
call
test
jmp
mov
mov
add
cmp
push
push
push
call
add
mov
lea
call
pop
mov
pop
pop
leave
mov
push
mov
mov
test
push
call
and
pop
pop
mov
cmp
mov
imul
push
mov
inc
lea
mov
pop
xor
mov
push
mov
push
push
push
mov
xor
xor
cmp
jbe
mov
push
lea
push
call
test
inc
add
cmp
jb
xor
pop
pop
pop
pop
mov
imul
lea
jmp
mov
push
mov
mov
cmp
jb
xor
jmp
mov
imul
lea
pop
mov
push
mov
mov
cmp
jb
xor
jmp
mov
imul
lea
pop
mov
push
mov
push
push
push
xor
mov
cmp
push
mov
jbe
mov
mov
push
lea
push
call
test
mov
push
lea
push
call
test
inc
mov
add
cmp
jb
xor
pop
pop
pop
leave
xor
inc
jmp
mov
push
mov
push
push
push
mov
push
push
mov
push
mov
push
push
mov
call
push
call
xor
push
push
push
push
push
mov
call
push
call
pop
xor
pop
inc
pop
leave
mov
push
mov
sub
push
push
push
xor
mov
lea
mov
mov
mov
call
mov
push
push
push
jmp
push
push
push
push
call
push
push
mov
push
push
call
lea
call
cmp
push
push
push
push
call
lea
call
pop
pop
xor
pop
leave
mov
push
push
mov
mov
mov
call
push
push
call
mov
call
xor
test
setz
mov
pop
pop
mov
mov
push
mov
mov
sub
push
dec
movzx
dec
dec
sub
dec
push
push
call
push
push
mov
call
mov
xor
jmp
push
push
call
mov
mov
mov
call
test
push
push
call
and
jmp
mov
and
push
push
push
push
call
mov
mov
call
mov
test
push
push
call
mov
mov
pop
pop
pop
mov
push
mov
sub
mov
push
push
push
mov
pop
xor
xor
mov
lea
rep
stosw
lea
push
push
push
mov
xor
mov
mov
call
test
lea
push
lea
push
lea
push
push
push
push
call
test
lea
push
call
fcomp
pop
fnstsw
test
inc
cmp
push
call
mov
mov
pop
pop
call
leave
mov
push
mov
sub
mov
push
push
xor
cmp
mov
mov
mov
mov
call
test
xor
inc
jmp
xor
cmp
push
mov
jb
inc
jmp
lea
push
push
push
mov
call
test
lea
push
lea
push
lea
push
push
push
push
mov
call
test
push
lea
push
call
test
xor
inc
cmp
push
call
cmp
mov
push
call
cmp
push
call
jmp
xor
pop
mov
pop
mov
pop
call
leave
mov
push
mov
sub
mov
mov
call
test
push
push
push
pop
mov
lea
rep
movsw
lea
stosd
stosd
push
stosd
pop
stosd
xor
lea
rep
lea
push
xor
lea
push
push
push
push
push
push
push
lea
push
push
call
test
mov
push
mov
jmp
cmp
lea
push
call
push
push
push
lea
push
push
call
test
push
push
push
lea
push
push
call
cmp
push
mov
call
push
call
pop
pop
pop
mov
call
leave
mov
push
mov
mov
mov
mov
mov
xor
pop
mov
push
mov
mov
mov
mov
mov
xor
pop
mov
push
mov
mov
mov
mov
mov
xor
pop
mov
push
mov
push
mov
and
push
push
call
mov
test
push
push
call
test
call
test
mov
jmp
push
mov
call
push
mov
call
push
call
push
call
push
call
pop
xor
pop
pop
mov
push
mov
sub
mov
push
mov
lea
mov
call
and
push
push
push
lea
call
test
and
lea
push
push
lea
call
test
cmp
push
mov
mov
call
mov
mov
call
mov
push
lea
push
call
push
lea
push
call
push
mov
call
mov
push
lea
push
call
push
call
push
call
push
call
pop
lea
call
mov
xor
pop
call
leave
mov
push
mov
sub
mov
push
push
mov
push
mov
mov
and
mov
push
mov
call
test
mov
push
mov
call
push
lea
push
call
add
push
mov
call
push
lea
push
call
push
call
xor
jmp
push
push
call
test
mov
mov
call
mov
mov
call
push
push
push
push
jmp
mov
call
lea
push
mov
call
neg
sbb
and
or
push
push
call
push
mov
call
push
call
cmp
cmp
xor
cmp
push
mov
lea
call
push
mov
call
push
call
push
call
mov
mov
jmp
lea
call
cmp
lea
push
lea
push
push
mov
call
test
mov
jmp
mov
mov
xor
mov
pop
pop
pop
call
leave
mov
push
mov
push
push
push
push
call
pop
mov
push
mov
push
mov
call
test
push
call
pop
mov
pop
pop
mov
push
mov
push
push
push
push
call
pop
mov
push
mov
push
push
push
push
call
pop
mov
push
mov
push
push
push
push
call
pop
mov
push
mov
push
push
push
push
call
pop
mov
push
mov
push
and
push
mov
push
call
pop
mov
push
mov
push
push
push
push
call
pop
mov
push
mov
push
push
push
push
call
pop
mov
push
mov
push
push
push
push
call
pop
mov
push
mov
sub
cmp
mov
push
mov
mov
push
push
mov
mov
push
lea
push
push
call
test
mov
and
lea
push
push
call
mov
pop
push
call
test
pop
pop
lea
push
push
call
pop
push
call
test
pop
pop
push
mov
push
call
push
call
cmp
push
pop
xor
lea
rep
lea
push
mov
call
test
mov
mov
mov
and
mov
push
push
call
test
mov
push
push
push
call
test
push
call
mov
lea
cmp
cmp
jb
dec
dec
cmp
cmp
and
jmp
xor
jmp
cmp
push
call
push
call
xor
inc
mov
pop
pop
pop
call
leave
xor
cmp
mov
push
mov
push
push
push
push
call
pop
push
push
push
call
push
push
call
xor
mov
push
mov
shl
add
inc
cmp
jl
and
push
movzx
push
push
push
call
test
and
mov
pop
mov
push
mov
shl
add
inc
cmp
jl
and
push
movzx
push
push
push
call
test
mov
mov
pop
xor
mov
push
mov
and
lea
push
call
mov
pop
mov
push
lea
cmp
push
mov
jl
mov
mov
cmp
jge
lea
jmp
mov
lea
cmp
mov
test
mov
push
call
add
jmp
cmp
jle
push
call
pop
pop
pop
mov
push
mov
mov
xor
mov
mov
mov
mov
mov
push
mov
push
pop
mov
rep
mov
mov
mov
mov
mov
mov
mov
mov
pop
pop
mov
push
mov
mov
mov
test
push
call
mov
test
mov
push
call
mov
test
mov
push
call
mov
test
mov
push
call
mov
test
mov
push
call
mov
test
mov
push
call
mov
test
mov
push
call
pop
mov
push
mov
lea
call
mov
mov
pop
mov
add
neg
sbb
and
add
push
call
mov
push
mov
push
mov
test
mov
jmp
push
mov
movsd
movsd
movsd
movsd
xor
pop
pop
pop
mov
push
mov
mov
test
mov
jmp
mov
push
mov
neg
sbb
lea
and
mov
add
neg
sbb
and
add
neg
sbb
and
mov
mov
push
call
xor
pop
pop
mov
push
mov
sub
mov
push
mov
push
mov
test
push
mov
mov
and
test
mov
jmp
mov
lea
push
push
call
mov
lea
push
lea
push
push
call
mov
test
jl
push
lea
call
mov
neg
sbb
and
add
mov
mov
and
mov
push
call
jmp
cmp
mov
mov
mov
pop
pop
pop
call
leave
mov
push
mov
mov
mov
push
add
test
push
xor
jmp
cmp
mov
jl
mov
mov
push
call
mov
neg
sbb
and
add
test
mov
push
call
pop
mov
pop
pop
mov
push
mov
mov
neg
sbb
lea
and
add
mov
test
push
call
mov
pop
jmp
mov
push
mov
mov
test
mov
jmp
mov
mov
cmp
push
mov
cmp
mov
cmp
mov
cmp
cmp
mov
cmp
mov
cmp
mov
cmp
mov
jmp
mov
mov
mov
push
call
xor
pop
pop
mov
push
mov
push
mov
test
mov
jmp
push
mov
movsd
movsd
movsd
movsd
xor
pop
pop
pop
mov
push
mov
mov
test
mov
jmp
mov
push
mov
neg
sbb
lea
and
mov
add
neg
sbb
and
add
neg
sbb
and
mov
mov
push
call
xor
pop
pop
mov
push
mov
push
mov
test
mov
jmp
push
mov
movsd
movsd
movsd
movsd
xor
pop
pop
pop
mov
push
mov
lea
push
call
and
mov
and
mov
mov
pop
mov
push
mov
call
mov
mov
pop
mov
push
mov
mov
add
push
call
pop
mov
push
mov
push
push
push
push
call
pop
mov
push
mov
mov
call
mov
pop
jmp
mov
push
mov
mov
call
mov
pop
jmp
mov
push
mov
mov
call
mov
pop
jmp
mov
push
mov
push
mov
push
call
push
call
push
call
push
call
push
call
push
call
push
call
push
call
push
call
mov
call
mov
pop
pop
jmp
mov
push
mov
push
call
lea
call
mov
call
mov
call
mov
pop
jmp
mov
push
mov
push
push
mov
cmp
push
mov
mov
lea
push
push
call
push
call
cmp
cmp
lea
push
call
mov
test
push
call
pop
lea
mov
test
push
mov
push
call
push
call
mov
test
lea
cmp
push
push
call
mov
test
push
call
lea
mov
test
push
call
and
lea
mov
test
push
call
and
lea
call
lea
call
push
mov
call
push
call
push
call
push
call
push
call
push
call
lea
call
push
call
lea
call
mov
call
mov
call
mov
test
pop
push
call
pop
pop
leave
mov
push
mov
mov
test
push
mov
push
call
mov
test
push
call
mov
test
push
call
push
mov
call
push
call
mov
call
pop
mov
pop
jmp
mov
push
push
push
mov
mov
push
call
xor
mov
push
call
mov
push
call
mov
push
call
mov
mov
cmp
push
call
push
call
mov
mov
cmp
mov
cmp
push
push
call
mov
mov
push
call
mov
lea
mov
test
mov
push
call
and
lea
mov
test
mov
push
call
and
lea
mov
test
push
call
push
call
push
call
push
call
push
call
push
call
push
call
push
call
push
call
lea
call
mov
call
mov
call
pop
mov
pop
pop
jmp
mov
push
mov
mov
call
mov
pop
mov
push
mov
mov
call
mov
pop
mov
push
mov
mov
call
mov
pop
mov
push
mov
mov
call
mov
pop
mov
push
mov
mov
call
mov
pop
mov
push
mov
mov
call
mov
pop
mov
push
mov
mov
call
mov
pop
mov
push
mov
mov
call
mov
pop
mov
push
mov
mov
call
mov
pop
mov
push
mov
mov
call
mov
pop
mov
push
mov
mov
call
mov
pop
mov
push
mov
push
mov
mov
mov
call
test
push
call
pop
mov
pop
pop
mov
push
mov
push
mov
push
lea
push
call
mov
test
test
push
mov
call
mov
pop
pop
pop
mov
push
mov
push
mov
mov
mov
mov
mov
mov
call
mov
pop
jmp
mov
push
mov
push
mov
push
push
call
pop
mov
push
mov
push
mov
push
push
push
push
call
pop
mov
push
mov
mov
pop
jmp
mov
push
mov
push
mov
push
push
call
pop
mov
push
mov
push
mov
test
mov
jmp
cmp
push
mov
xor
jmp
mov
mov
movsd
movsd
movsd
movsd
pop
pop
pop
mov
push
mov
sub
mov
push
mov
test
mov
mov
mov
mov
jmp
and
push
xor
mov
call
mov
mov
cmp
push
mov
lea
mov
lea
push
push
call
test
jl
mov
mov
cmp
mov
cmp
mov
cmp
mov
cmp
add
mov
cmp
jmp
mov
mov
push
call
and
pop
mov
pop
mov
pop
call
leave
xor
inc
test
or
or
mov
test
mov
mov
sub
jmp
sub
jmp
sub
jmp
mov
push
mov
mov
sub
push
push
push
mov
mov
mov
xor
inc
cmp
lea
push
push
mov
push
mov
push
call
cmp
mov
mov
cmp
lea
push
push
mov
push
push
mov
call
cmp
mov
mov
jmp
mov
cmp
inc
cmp
lea
push
push
mov
push
mov
push
call
jmp
mov
cmp
lea
push
push
mov
push
mov
push
call
jmp
xor
pop
pop
pop
pop
mov
push
mov
push
mov
push
add
push
push
call
pop
sub
jmp
sub
jmp
mov
push
mov
push
mov
mov
mov
mov
mov
mov
mov
mov
mov
mov
call
mov
pop
jmp
mov
push
mov
push
mov
push
push
call
pop
mov
push
mov
push
mov
push
push
push
push
call
pop
mov
push
mov
mov
pop
jmp
mov
push
mov
mov
lea
neg
push
push
sbb
and
call
pop
mov
push
mov
mov
push
push
lea
push
neg
sbb
and
call
pop
mov
push
mov
cmp
mov
jmp
mov
test
mov
jmp
mov
mov
add
neg
sbb
and
mov
mov
mov
mov
xor
pop
mov
push
mov
mov
lea
neg
sbb
and
test
mov
add
jmp
mov
test
mov
mov
neg
sbb
and
add
pop
mov
push
mov
push
mov
push
lea
push
neg
push
sbb
push
and
push
push
push
call
pop
mov
push
mov
mov
lea
neg
sbb
and
test
mov
add
jmp
mov
test
mov
mov
neg
sbb
and
add
pop
mov
push
mov
mov
lea
neg
sbb
and
call
pop
mov
push
mov
mov
inc
mov
pop
sub
jmp
sub
jmp
sub
jmp
sub
jmp
sub
jmp
sub
jmp
mov
push
mov
mov
mov
xor
pop
mov
push
mov
push
push
push
push
call
pop
mov
push
mov
push
mov
test
mov
jmp
push
mov
movsd
movsd
movsd
movsd
xor
pop
pop
pop
mov
push
mov
cmp
mov
jmp
push
push
call
pop
mov
push
mov
push
push
push
call
pop
mov
push
mov
mov
lea
neg
sbb
and
mov
test
mov
push
mov
push
call
pop
mov
push
mov
push
push
push
call
pop
mov
push
mov
mov
lea
neg
sbb
and
mov
test
mov
mov
cmp
mov
mov
push
call
xor
pop
mov
push
mov
push
mov
push
add
push
push
call
pop
sub
jmp
sub
jmp
sub
jmp
sub
jmp
sub
jmp
sub
jmp
mov
push
mov
push
push
mov
mov
xor
test
mov
mov
lea
push
push
push
call
mov
test
pop
test
mov
push
push
call
mov
test
mov
push
call
xor
leave
mov
push
mov
push
push
mov
mov
xor
test
mov
mov
lea
push
push
push
call
mov
test
pop
test
mov
push
push
call
mov
test
mov
push
call
xor
leave
mov
push
mov
push
lea
lea
push
mov
call
mov
push
xor
push
push
push
push
push
push
call
pop
pop
mov
push
mov
push
mov
mov
call
lea
pop
jmp
mov
push
mov
mov
push
xor
cmp
cmp
cmp
cmp
mov
cmp
mov
jmp
mov
mov
mov
push
call
jmp
push
push
mov
push
add
push
call
mov
mov
pop
pop
mov
push
mov
push
mov
mov
mov
mov
mov
mov
mov
mov
mov
mov
mov
call
mov
pop
jmp
mov
push
mov
push
mov
push
push
call
pop
mov
push
mov
push
mov
push
push
push
push
call
pop
mov
push
mov
mov
pop
jmp
mov
push
mov
mov
lea
neg
push
push
sbb
and
call
pop
mov
push
mov
mov
push
push
lea
push
neg
sbb
and
call
pop
mov
push
mov
mov
lea
neg
sbb
and
cmp
inc
jmp
xor
pop
mov
push
mov
mov
push
lea
neg
sbb
and
call
pop
xor
mov
push
mov
mov
push
lea
push
neg
sbb
and
call
pop
mov
push
mov
mov
test
mov
jmp
mov
mov
add
neg
sbb
and
mov
mov
mov
mov
xor
pop
mov
push
mov
push
push
push
push
call
pop
mov
push
mov
cmp
mov
jmp
push
push
call
pop
mov
push
mov
push
mov
test
mov
jmp
push
mov
movsd
movsd
movsd
movsd
xor
pop
pop
pop
mov
push
mov
push
push
push
call
pop
mov
push
mov
push
push
push
call
pop
mov
push
mov
mov
push
mov
add
neg
sbb
and
add
push
call
xor
pop
mov
push
mov
push
mov
push
add
push
push
call
pop
sub
jmp
sub
jmp
sub
jmp
sub
jmp
sub
jmp
sub
jmp
sub
jmp
mov
push
mov
push
lea
lea
push
mov
call
mov
push
xor
push
push
push
push
push
push
call
pop
pop
mov
push
mov
mov
mov
lea
neg
sbb
and
add
cmp
mov
ja
jmp
push
add
push
call
jmp
push
push
jmp
push
push
jmp
push
push
add
lea
neg
sbb
and
call
jmp
push
add
push
call
jmp
xor
jmp
push
push
call
pop
mov
push
mov
sub
push
mov
add
neg
lea
sbb
push
and
call
mov
test
lea
push
mov
call
test
jl
cmp
cmp
push
mov
push
call
jmp
push
lea
lea
neg
sbb
push
and
call
mov
lea
push
call
mov
pop
leave
mov
push
mov
push
mov
mov
call
lea
pop
jmp
mov
push
mov
mov
push
xor
cmp
cmp
cmp
cmp
mov
cmp
mov
jmp
mov
mov
mov
push
call
jmp
push
push
mov
push
add
push
call
mov
mov
pop
pop
mov
push
mov
push
mov
mov
mov
mov
mov
mov
mov
mov
mov
mov
mov
call
mov
pop
jmp
mov
push
mov
push
mov
push
push
call
pop
mov
push
mov
push
mov
push
push
push
push
call
pop
mov
push
mov
mov
pop
jmp
mov
push
mov
mov
mov
add
neg
sbb
and
mov
shr
not
and
pop
mov
push
mov
mov
lea
neg
push
push
sbb
and
call
pop
mov
push
mov
mov
push
push
lea
push
neg
sbb
and
call
pop
mov
push
mov
mov
push
lea
neg
sbb
and
call
pop
mov
push
mov
mov
push
lea
neg
sbb
and
call
pop
xor
mov
mov
push
mov
mov
test
mov
jmp
cmp
mov
mov
cmp
mov
mov
add
neg
sbb
and
mov
mov
mov
mov
xor
pop
mov
push
mov
mov
push
lea
push
neg
sbb
and
call
pop
mov
push
mov
push
push
push
push
call
pop
mov
push
mov
cmp
mov
jmp
push
push
call
pop
mov
push
mov
push
mov
test
mov
jmp
push
mov
movsd
movsd
movsd
movsd
xor
pop
pop
pop
mov
push
mov
push
push
push
call
pop
mov
push
mov
push
push
push
call
pop
mov
push
mov
push
mov
push
add
push
push
call
pop
sub
jmp
sub
jmp
sub
jmp
sub
jmp
sub
jmp
sub
jmp
sub
jmp
mov
push
mov
cmp
push
cmp
lea
push
push
xor
push
inc
push
add
mov
call
jmp
cmp
lea
push
push
xor
push
inc
push
add
mov
call
jmp
cmp
lea
push
push
xor
push
inc
push
add
mov
call
cmp
mov
mov
mov
jmp
xor
pop
pop
mov
push
mov
push
lea
lea
push
mov
call
mov
push
xor
push
push
push
push
push
push
call
pop
pop
mov
push
mov
push
mov
mov
call
lea
pop
jmp
mov
push
mov
mov
push
xor
cmp
cmp
cmp
cmp
mov
cmp
mov
jmp
mov
mov
mov
push
call
jmp
push
push
mov
push
add
push
call
mov
mov
pop
pop
mov
push
mov
push
mov
mov
mov
mov
mov
mov
mov
mov
mov
mov
mov
call
mov
pop
jmp
mov
push
mov
mov
and
xor
pop
mov
push
mov
push
mov
push
push
call
pop
mov
push
mov
push
mov
push
push
push
push
call
pop
mov
push
mov
mov
pop
jmp
mov
push
mov
mov
lea
neg
push
push
sbb
and
call
pop
mov
push
mov
mov
push
push
lea
push
neg
sbb
and
call
pop
mov
push
mov
mov
lea
neg
sbb
push
and
call
xor
pop
mov
mov
push
mov
mov
push
lea
push
neg
sbb
and
call
pop
mov
push
mov
mov
lea
neg
sbb
and
mov
test
mov
push
mov
push
call
pop
mov
push
mov
mov
inc
mov
pop
mov
push
mov
push
push
push
push
call
pop
mov
push
mov
cmp
mov
jmp
push
push
call
pop
mov
push
mov
push
mov
test
mov
jmp
push
mov
movsd
movsd
movsd
movsd
xor
pop
pop
pop
mov
push
mov
push
push
push
call
pop
mov
push
mov
push
push
push
call
pop
mov
push
mov
push
mov
push
add
push
push
call
pop
sub
jmp
sub
jmp
sub
jmp
sub
jmp
sub
jmp
sub
jmp
sub
jmp
mov
push
mov
push
lea
lea
push
mov
call
mov
push
xor
push
push
push
push
push
push
call
pop
pop
mov
push
mov
push
mov
mov
mov
mov
mov
mov
mov
mov
mov
mov
mov
call
mov
pop
jmp
mov
push
mov
push
mov
push
push
call
pop
mov
push
mov
push
mov
push
push
push
push
call
pop
mov
push
mov
mov
pop
jmp
mov
push
mov
mov
lea
neg
push
push
sbb
and
call
pop
mov
push
mov
mov
push
push
lea
push
neg
sbb
and
call
pop
xor
xor
mov
push
mov
mov
lea
neg
sbb
and
call
pop
mov
push
mov
mov
push
push
lea
push
neg
push
sbb
push
and
push
lea
mov
call
neg
sbb
inc
pop
mov
push
mov
push
mov
test
mov
test
and
push
mov
push
push
pop
mov
xor
repe
pop
pop
mov
inc
mov
mov
and
mov
jmp
and
and
mov
mov
jmp
mov
pop
pop
mov
push
mov
push
mov
push
push
pop
mov
xor
repe
pop
pop
mov
and
mov
mov
xor
jmp
mov
pop
sub
jmp
sub
jmp
sub
jmp
sub
jmp
sub
jmp
sub
jmp
sub
jmp
mov
push
mov
push
push
push
push
call
pop
mov
push
mov
cmp
mov
jmp
push
push
call
pop
mov
push
mov
push
mov
test
mov
jmp
push
mov
movsd
movsd
movsd
movsd
xor
pop
pop
pop
mov
push
mov
push
push
push
call
pop
mov
push
mov
push
push
push
call
pop
mov
push
mov
push
mov
push
add
push
push
call
pop
sub
jmp
sub
jmp
sub
jmp
sub
jmp
sub
jmp
sub
jmp
sub
jmp
mov
push
mov
push
lea
lea
push
mov
call
mov
push
xor
push
push
push
push
push
push
call
pop
pop
mov
push
mov
add
neg
sbb
and
lea
mov
push
call
mov
test
push
push
call
xor
pop
mov
push
mov
push
mov
mov
call
lea
pop
jmp
mov
push
mov
mov
push
xor
cmp
cmp
cmp
cmp
mov
cmp
mov
jmp
mov
mov
mov
push
call
jmp
push
push
mov
push
add
push
call
mov
mov
pop
pop
mov
push
mov
push
mov
mov
mov
mov
mov
mov
mov
mov
mov
mov
mov
mov
mov
mov
call
mov
pop
jmp
mov
push
mov
push
mov
push
push
call
pop
mov
push
mov
push
mov
push
push
push
push
call
pop
mov
push
mov
mov
pop
jmp
mov
push
mov
push
mov
push
push
call
pop
mov
push
mov
push
mov
test
mov
jmp
cmp
push
mov
xor
jmp
mov
mov
movsd
movsd
movsd
movsd
pop
pop
pop
mov
push
mov
mov
lea
neg
push
push
sbb
and
call
pop
mov
push
mov
mov
push
push
lea
push
neg
sbb
and
call
pop
mov
push
mov
mov
lea
neg
sbb
push
and
call
xor
pop
mov
push
mov
mov
lea
neg
sbb
and
cmp
inc
jmp
xor
pop
mov
push
mov
mov
push
lea
push
neg
sbb
and
call
pop
mov
push
mov
cmp
mov
jmp
mov
test
mov
jmp
mov
mov
add
neg
sbb
and
mov
mov
mov
mov
xor
pop
mov
push
mov
mov
push
lea
push
neg
sbb
and
call
pop
mov
push
mov
mov
lea
neg
sbb
and
test
mov
add
jmp
mov
test
mov
mov
neg
sbb
and
add
pop
mov
mov
mov
push
mov
mov
test
mov
jmp
mov
mov
add
neg
sbb
and
mov
mov
mov
mov
xor
pop
mov
mov
push
mov
mov
test
mov
jmp
cmp
mov
mov
cmp
mov
mov
add
neg
sbb
and
mov
mov
mov
mov
xor
pop
mov
push
mov
mov
lea
neg
sbb
and
call
pop
mov
push
mov
mov
lea
neg
sbb
and
call
pop
mov
mov
push
mov
mov
push
push
lea
push
neg
push
sbb
push
and
push
lea
mov
call
neg
sbb
inc
pop
mov
push
mov
sub
mov
push
mov
test
mov
mov
mov
mov
jmp
and
push
xor
mov
call
mov
mov
cmp
push
mov
lea
mov
lea
push
push
call
test
jl
mov
mov
cmp
mov
cmp
mov
cmp
mov
cmp
add
mov
cmp
jmp
mov
mov
push
call
and
pop
mov
pop
mov
pop
call
leave
xor
inc
test
or
or
mov
test
mov
mov
sub
jmp
sub
jmp
sub
jmp
sub
jmp
sub
jmp
sub
jmp
sub
jmp
sub
jmp
sub
jmp
sub
jmp
mov
push
mov
push
push
push
push
call
pop
mov
push
mov
push
mov
test
mov
jmp
push
mov
movsd
movsd
movsd
movsd
xor
pop
pop
pop
mov
push
mov
cmp
mov
jmp
push
push
call
pop
mov
push
mov
push
push
push
call
pop
mov
push
mov
push
push
push
call
pop
mov
push
mov
push
mov
push
add
push
push
call
pop
sub
jmp
sub
jmp
sub
jmp
sub
jmp
sub
jmp
sub
jmp
sub
jmp
sub
jmp
sub
jmp
mov
push
mov
push
lea
lea
push
mov
call
mov
push
xor
push
push
push
push
push
push
call
pop
pop
mov
push
mov
add
neg
sbb
and
lea
mov
push
call
mov
test
push
push
call
xor
pop
mov
push
mov
sub
push
mov
add
neg
lea
sbb
push
and
call
mov
test
lea
push
mov
call
test
jl
cmp
cmp
push
mov
push
call
jmp
push
lea
lea
neg
sbb
push
and
call
mov
lea
push
call
mov
pop
leave
mov
push
mov
push
mov
mov
mov
mov
mov
mov
mov
mov
mov
mov
mov
mov
mov
mov
call
mov
pop
jmp
mov
push
mov
mov
mov
xor
pop
mov
push
mov
push
mov
push
push
call
pop
mov
push
mov
push
mov
push
push
push
push
call
pop
mov
push
mov
mov
pop
jmp
mov
push
mov
push
mov
push
push
call
pop
mov
push
mov
push
mov
test
mov
jmp
cmp
push
mov
xor
jmp
mov
mov
movsd
movsd
movsd
movsd
pop
pop
pop
mov
push
mov
mov
mov
add
neg
sbb
and
mov
shr
not
and
pop
mov
push
mov
mov
lea
neg
push
push
sbb
and
call
pop
mov
push
mov
mov
push
push
lea
push
neg
sbb
and
call
pop
mov
push
mov
mov
push
lea
neg
sbb
and
call
pop
mov
push
mov
mov
push
lea
neg
sbb
and
call
pop
mov
push
mov
mov
push
lea
neg
sbb
and
call
pop
mov
push
mov
mov
lea
neg
sbb
and
mov
test
mov
push
mov
push
call
pop
mov
push
mov
mov
lea
neg
sbb
and
mov
test
mov
push
mov
push
call
pop
mov
push
mov
push
mov
push
lea
push
neg
push
sbb
push
and
push
push
push
call
pop
mov
push
mov
mov
lea
neg
sbb
and
mov
test
mov
mov
cmp
mov
mov
push
call
xor
pop
mov
push
mov
push
mov
test
mov
jmp
cmp
push
push
push
call
neg
sbb
and
mov
xor
jmp
mov
pop
pop
mov
push
mov
sub
push
mov
test
mov
jmp
cmp
push
lea
push
push
call
neg
sbb
and
mov
xor
jmp
mov
pop
leave
mov
push
mov
mov
lea
neg
sbb
and
test
mov
add
jmp
mov
test
mov
mov
neg
sbb
and
add
pop
mov
push
mov
mov
push
lea
push
neg
sbb
and
call
pop
mov
push
mov
sub
mov
push
mov
test
mov
mov
mov
mov
jmp
and
push
xor
mov
call
mov
mov
cmp
push
mov
lea
mov
lea
push
push
call
test
jl
mov
mov
cmp
mov
cmp
mov
cmp
mov
cmp
add
mov
cmp
jmp
mov
mov
push
call
and
pop
mov
pop
mov
pop
call
leave
xor
inc
test
or
or
mov
test
mov
mov
mov
push
mov
mov
inc
mov
pop
mov
push
mov
push
push
push
push
call
pop
mov
push
mov
cmp
mov
jmp
push
push
call
pop
mov
push
mov
push
mov
test
mov
jmp
push
mov
movsd
movsd
movsd
movsd
xor
pop
pop
pop
mov
push
mov
push
push
push
call
pop
mov
push
mov
push
push
push
call
pop
mov
push
mov
mov
push
mov
add
neg
sbb
and
add
push
call
xor
pop
mov
push
mov
push
mov
push
add
push
push
call
pop
sub
jmp
sub
jmp
sub
jmp
sub
jmp
sub
jmp
sub
jmp
sub
jmp
sub
jmp
sub
jmp
mov
push
mov
push
lea
lea
push
mov
call
mov
push
xor
push
push
push
push
push
push
call
pop
pop
mov
push
mov
mov
mov
lea
neg
sbb
and
add
cmp
mov
ja
jmp
push
add
push
call
jmp
push
push
jmp
push
push
jmp
push
push
add
lea
neg
sbb
and
call
jmp
push
add
push
call
jmp
xor
jmp
push
push
call
pop
mov
push
mov
push
mov
mov
call
lea
pop
jmp
mov
push
mov
mov
push
xor
cmp
cmp
cmp
cmp
mov
cmp
mov
jmp
mov
mov
mov
push
call
jmp
push
push
mov
push
add
push
call
mov
mov
pop
pop
mov
push
mov
push
xor
mov
mov
mov
lea
mov
call
lea
call
mov
mov
mov
lea
mov
call
mov
mov
mov
mov
mov
lea
mov
call
lea
mov
mov
or
or
push
mov
mov
mov
mov
mov
mov
mov
mov
mov
mov
mov
mov
mov
mov
mov
mov
mov
mov
mov
mov
mov
mov
mov
mov
mov
mov
mov
mov
mov
mov
call
pop
mov
mov
mov
pop
mov
pop
mov
push
mov
and
call
lea
call
mov
pop
mov
push
mov
and
call
lea
call
and
mov
pop
mov
push
push
mov
xor
mov
call
lea
call
mov
mov
mov
mov
pop
mov
pop
mov
push
push
mov
xor
mov
call
lea
call
mov
mov
mov
mov
mov
mov
mov
mov
mov
mov
pop
mov
pop
mov
push
push
push
mov
xor
mov
call
lea
call
mov
lea
mov
lea
mov
lea
mov
mov
mov
mov
mov
mov
lea
mov
mov
mov
mov
mov
mov
mov
mov
mov
lea
mov
mov
mov
lea
mov
mov
mov
lea
mov
mov
mov
lea
mov
mov
mov
lea
mov
mov
mov
mov
mov
mov
pop
mov
mov
pop
pop
mov
push
push
mov
xor
mov
call
lea
call
lea
call
lea
mov
mov
mov
mov
mov
mov
mov
mov
mov
mov
push
push
mov
mov
mov
mov
mov
mov
call
push
call
mov
mov
pop
mov
pop
mov
push
push
mov
xor
mov
call
lea
call
lea
call
lea
mov
mov
mov
mov
mov
mov
mov
mov
mov
mov
mov
mov
mov
mov
mov
mov
mov
mov
mov
mov
mov
mov
mov
mov
mov
mov
mov
pop
mov
mov
mov
pop
mov
push
mov
push
push
mov
test
push
push
push
mov
jmp
and
push
call
mov
test
pop
mov
call
and
push
mov
call
mov
jmp
xor
test
mov
mov
jmp
lea
call
mov
mov
shl
mov
add
and
call
mov
cmp
mov
mov
mov
add
add
mov
mov
add
cmp
mov
push
push
add
push
push
mov
call
mov
test
jl
push
mov
push
push
call
mov
test
jge
mov
call
push
call
pop
mov
lea
pop
pop
pop
leave
mov
push
mov
mov
inc
mov
pop
mov
push
mov
mov
mov
mov
xor
pop
mov
push
mov
push
mov
test
mov
jmp
mov
mov
mov
push
mov
sub
sar
cmp
pop
ja
lea
mov
xor
jmp
mov
xor
inc
pop
pop
mov
push
mov
test
push
mov
jmp
mov
test
mov
push
call
add
cmp
push
call
pop
pop
cmp
mov
mov
push
call
pop
mov
push
mov
push
push
push
mov
xor
cmp
mov
cmp
mov
cmp
cmp
mov
cmp
mov
cmp
mov
cmp
cmp
mov
jmp
sub
sar
cmp
jbe
xor
inc
cmp
mov
test
mov
test
mov
mov
mov
lea
mov
mov
test
mov
mov
push
call
dec
mov
jmp
mov
jmp
mov
pop
pop
pop
pop
mov
push
mov
cmp
push
push
push
mov
mov
mov
sub
sar
shl
push
call
test
pop
mov
mov
mov
jmp
mov
lea
mov
mov
test
mov
mov
push
call
add
cmp
mov
add
jmp
mov
mov
mov
mov
mov
test
mov
mov
push
call
mov
mov
mov
mov
xor
pop
pop
pop
pop
mov
push
mov
push
push
push
push
call
pop
mov
push
mov
push
push
mov
test
mov
push
push
call
mov
test
pop
mov
call
push
mov
call
jmp
xor
test
and
mov
jmp
mov
test
mov
mov
push
push
push
mov
push
call
mov
test
jl
push
mov
push
push
push
mov
call
mov
test
jge
mov
call
push
call
pop
pop
pop
mov
pop
pop
mov
push
mov
push
mov
mov
call
mov
pop
jmp
mov
push
mov
push
push
mov
test
push
push
push
mov
jmp
and
push
call
test
pop
push
mov
call
mov
jmp
xor
test
mov
mov
jmp
lea
call
mov
mov
shl
mov
add
and
call
mov
cmp
mov
mov
mov
add
add
mov
mov
add
cmp
mov
push
push
add
push
push
mov
call
mov
test
jl
push
mov
push
push
call
mov
test
jge
mov
call
push
call
pop
mov
lea
pop
pop
pop
leave
xor
push
mov
mov
mov
mov
mov
mov
mov
push
mov
call
mov
pop
mov
push
mov
push
push
mov
test
push
push
push
mov
jmp
and
push
call
test
pop
push
mov
call
mov
jmp
xor
test
mov
mov
jmp
lea
call
mov
mov
shl
mov
add
and
call
mov
cmp
mov
mov
mov
add
add
mov
mov
add
cmp
mov
push
push
add
push
push
mov
call
mov
test
jl
push
mov
push
push
call
mov
test
jge
mov
call
push
call
pop
mov
lea
pop
pop
pop
leave
mov
push
mov
push
push
push
push
mov
call
test
mov
pop
push
mov
call
mov
jmp
xor
test
push
mov
push
mov
push
call
mov
test
push
mov
call
pop
pop
mov
pop
pop
mov
push
mov
push
mov
push
mov
test
mov
call
push
call
pop
mov
pop
pop
pop
mov
push
mov
push
mov
call
test
push
call
pop
mov
pop
pop
mov
push
mov
push
mov
call
test
push
call
pop
mov
pop
pop
mov
push
mov
push
mov
call
test
push
call
pop
mov
pop
pop
mov
push
mov
push
mov
call
test
push
call
pop
mov
pop
pop
mov
push
mov
push
mov
call
test
push
call
pop
mov
pop
pop
mov
push
mov
push
mov
call
test
push
call
pop
mov
pop
pop
mov
push
mov
push
mov
call
test
push
call
pop
mov
pop
pop
mov
push
mov
push
mov
call
test
push
call
pop
mov
pop
pop
mov
push
mov
push
mov
call
test
push
call
pop
mov
pop
pop
mov
push
mov
push
mov
call
test
push
call
pop
mov
pop
pop
mov
push
mov
push
mov
call
test
push
call
pop
mov
pop
pop
mov
push
mov
push
mov
call
test
push
call
pop
mov
pop
pop
mov
push
mov
push
mov
call
test
push
call
pop
mov
pop
pop
mov
push
mov
call
push
mov
mov
mov
mov
mov
call
mov
pop
mov
push
mov
mov
push
mov
lea
test
push
call
mov
pop
pop
mov
push
mov
push
mov
mov
call
lea
pop
jmp
mov
push
mov
mov
push
xor
cmp
cmp
cmp
cmp
mov
cmp
mov
jmp
mov
mov
mov
push
call
jmp
push
push
mov
push
add
push
call
mov
mov
pop
pop
mov
push
mov
call
push
mov
mov
mov
mov
mov
mov
mov
mov
mov
call
mov
pop
mov
push
mov
mov
push
mov
lea
test
push
call
mov
pop
pop
mov
push
mov
mov
push
mov
test
push
call
mov
pop
pop
mov
push
mov
call
push
mov
mov
mov
mov
mov
mov
mov
mov
mov
mov
call
mov
pop
mov
push
mov
mov
push
mov
lea
test
push
call
mov
pop
pop
mov
push
mov
mov
push
mov
test
push
call
mov
pop
pop
mov
push
mov
call
push
mov
mov
mov
mov
mov
mov
mov
mov
mov
mov
call
mov
pop
mov
push
mov
mov
push
mov
lea
test
push
call
mov
pop
pop
mov
push
mov
mov
push
mov
test
push
call
mov
pop
pop
mov
push
mov
call
push
mov
mov
mov
mov
mov
mov
mov
mov
mov
mov
call
mov
pop
mov
push
mov
mov
push
mov
lea
test
push
call
mov
pop
pop
mov
push
mov
push
mov
mov
call
lea
pop
jmp
mov
push
mov
mov
inc
mov
pop
mov
push
mov
mov
push
xor
cmp
cmp
cmp
cmp
mov
cmp
mov
jmp
mov
mov
mov
push
call
jmp
push
push
mov
push
add
push
call
mov
mov
pop
pop
mov
push
mov
call
push
mov
mov
mov
mov
mov
mov
mov
mov
mov
mov
call
mov
pop
mov
push
mov
mov
push
mov
lea
test
push
call
mov
pop
pop
mov
push
mov
mov
push
mov
test
push
call
mov
pop
pop
mov
push
mov
call
push
mov
mov
mov
mov
mov
mov
mov
mov
mov
mov
mov
mov
mov
call
mov
pop
mov
push
mov
mov
push
mov
lea
test
push
call
mov
pop
pop
mov
push
mov
push
mov
mov
call
lea
pop
jmp
mov
push
mov
mov
push
xor
cmp
cmp
cmp
cmp
mov
cmp
mov
jmp
mov
mov
mov
push
call
jmp
push
push
mov
push
add
push
call
mov
mov
pop
pop
mov
push
mov
call
push
mov
mov
mov
mov
mov
mov
mov
mov
mov
mov
mov
mov
mov
call
mov
pop
mov
push
mov
mov
push
mov
lea
test
push
call
mov
pop
pop
mov
push
mov
mov
push
mov
test
push
call
mov
pop
pop
mov
push
mov
push
mov
call
mov
mov
mov
mov
mov
mov
mov
mov
pop
pop
mov
push
mov
mov
mov
mov
push
call
pop
mov
push
mov
mov
mov
mov
push
call
pop
mov
push
mov
push
mov
mov
push
mov
push
call
pop
sub
jmp
sub
jmp
sub
jmp
sub
jmp
sub
jmp
sub
jmp
sub
jmp
sub
jmp
mov
push
mov
push
mov
call
mov
mov
mov
mov
mov
mov
mov
mov
mov
mov
mov
mov
pop
pop
mov
push
mov
mov
mov
mov
push
call
pop
mov
push
mov
mov
mov
mov
push
call
pop
mov
push
mov
push
mov
mov
push
mov
push
call
pop
sub
jmp
sub
jmp
sub
jmp
sub
jmp
sub
jmp
sub
jmp
sub
jmp
sub
jmp
sub
jmp
sub
jmp
sub
jmp
sub
jmp
sub
jmp
sub
jmp
sub
jmp
sub
jmp
sub
jmp
sub
jmp
mov
push
mov
push
mov
call
mov
mov
mov
mov
mov
mov
mov
mov
mov
mov
mov
mov
mov
pop
pop
mov
push
mov
mov
mov
mov
push
call
pop
mov
push
mov
push
mov
mov
push
mov
push
call
pop
mov
push
mov
push
mov
call
mov
mov
mov
mov
mov
mov
mov
mov
mov
mov
mov
mov
mov
pop
pop
mov
push
mov
push
mov
call
mov
mov
mov
mov
mov
mov
mov
mov
mov
mov
mov
mov
mov
pop
pop
mov
push
mov
push
mov
call
mov
mov
mov
mov
mov
mov
mov
mov
mov
mov
mov
mov
mov
pop
pop
mov
push
mov
mov
mov
mov
push
call
pop
sub
jmp
sub
jmp
sub
jmp
sub
jmp
sub
jmp
sub
jmp
sub
jmp
sub
jmp
sub
jmp
sub
jmp
sub
jmp
sub
jmp
sub
jmp
sub
jmp
sub
jmp
sub
jmp
sub
jmp
sub
jmp
sub
jmp
sub
jmp
sub
jmp
mov
push
mov
push
mov
call
mov
mov
mov
mov
mov
mov
mov
mov
mov
mov
mov
mov
mov
mov
mov
mov
pop
pop
mov
push
mov
mov
mov
mov
push
call
pop
sub
jmp
sub
jmp
sub
jmp
sub
jmp
sub
jmp
sub
jmp
sub
jmp
sub
jmp
sub
jmp
sub
jmp
sub
jmp
sub
jmp
sub
jmp
sub
jmp
sub
jmp
sub
jmp
sub
jmp
sub
jmp
sub
jmp
sub
jmp
mov
push
mov
push
mov
call
mov
mov
mov
mov
mov
mov
mov
mov
mov
mov
mov
mov
mov
mov
mov
mov
pop
pop
mov
push
mov
mov
mov
mov
push
call
pop
mov
push
mov
push
mov
mov
push
mov
push
call
pop
sub
jmp
sub
jmp
sub
jmp
sub
jmp
sub
jmp
sub
jmp
sub
jmp
sub
jmp
sub
jmp
mov
push
mov
push
mov
push
xor
cmp
mov
jmp
push
push
mov
call
mov
cmp
pop
mov
call
mov
push
mov
call
mov
jmp
mov
cmp
mov
jmp
mov
mov
add
cmp
jge
lea
jmp
mov
lea
cmp
mov
jl
mov
sub
sar
shl
push
push
call
mov
cmp
pop
mov
mov
call
push
call
pop
mov
jmp
cmp
mov
jl
mov
mov
cmp
jge
lea
jmp
mov
lea
cmp
mov
test
mov
push
call
mov
mov
cmp
mov
jl
mov
mov
sub
sar
inc
mov
add
add
jmp
mov
push
push
push
push
mov
call
push
push
push
push
call
mov
test
jge
mov
call
push
call
pop
mov
pop
pop
pop
leave
mov
push
mov
push
push
push
mov
xor
cmp
mov
cmp
mov
cmp
cmp
mov
cmp
mov
cmp
mov
cmp
cmp
mov
jmp
sub
sar
cmp
jbe
xor
inc
cmp
mov
test
mov
test
mov
mov
mov
lea
mov
mov
mov
mov
mov
mov
test
mov
push
call
dec
mov
jmp
mov
jmp
mov
pop
pop
pop
pop
mov
push
mov
push
mov
test
mov
jmp
mov
mov
mov
push
mov
sub
sar
cmp
pop
ja
lea
mov
xor
jmp
mov
xor
inc
pop
pop
mov
push
mov
cmp
push
push
push
mov
mov
mov
sub
sar
shl
push
call
test
pop
mov
mov
mov
jmp
mov
lea
mov
mov
mov
mov
mov
mov
test
mov
push
call
add
cmp
mov
add
jmp
mov
mov
mov
mov
mov
test
mov
mov
push
call
mov
mov
mov
mov
xor
pop
pop
pop
pop
mov
xor
mov
mov
mov
mov
mov
mov
push
mov
push
mov
mov
call
mov
pop
jmp
mov
push
mov
test
push
mov
jmp
mov
test
mov
push
call
add
cmp
push
call
pop
pop
cmp
mov
mov
push
call
pop
mov
push
mov
push
push
push
push
call
pop
mov
push
mov
push
mov
push
mov
test
mov
call
push
call
pop
mov
pop
pop
pop
mov
push
mov
push
push
mov
test
mov
push
push
call
mov
test
pop
mov
call
push
mov
call
jmp
xor
test
and
mov
jmp
mov
test
mov
mov
push
push
push
mov
push
call
mov
test
jl
push
mov
push
push
push
mov
call
mov
test
jge
mov
call
push
call
pop
pop
pop
mov
pop
pop
mov
xor
mov
mov
mov
mov
mov
mov
mov
push
mov
push
mov
test
mov
jmp
and
push
push
call
test
pop
push
mov
call
mov
jmp
xor
test
mov
jmp
push
mov
mov
add
cmp
jge
lea
jmp
mov
lea
cmp
mov
jl
mov
sub
sar
shl
push
call
pop
mov
test
mov
mov
call
push
call
pop
mov
jmp
cmp
push
mov
jge
mov
jmp
mov
mov
mov
cmp
jge
lea
jmp
mov
lea
mov
cmp
mov
test
mov
push
call
mov
mov
mov
cmp
mov
jl
mov
sub
mov
sar
inc
mov
add
jmp
push
and
push
push
push
mov
mov
mov
mov
call
mov
test
pop
jge
mov
call
push
call
pop
mov
pop
pop
leave
xor
push
mov
mov
mov
mov
mov
mov
mov
push
mov
call
mov
pop
sub
jmp
sub
jmp
sub
jmp
sub
jmp
sub
jmp
sub
jmp
sub
jmp
sub
jmp
sub
jmp
sub
jmp
sub
jmp
sub
jmp
sub
jmp
sub
jmp
sub
jmp
sub
jmp
sub
jmp
sub
jmp
sub
jmp
sub
jmp
sub
jmp
sub
jmp
sub
jmp
sub
jmp
sub
jmp
sub
jmp
sub
jmp
sub
jmp
sub
jmp
sub
jmp
sub
jmp
sub
jmp
sub
jmp
sub
jmp
sub
jmp
sub
jmp
sub
jmp
sub
jmp
sub
jmp
sub
jmp
sub
jmp
sub
jmp
sub
jmp
sub
jmp
sub
jmp
sub
jmp
sub
jmp
sub
jmp
sub
jmp
sub
jmp
sub
jmp
sub
jmp
sub
jmp
sub
jmp
sub
jmp
sub
jmp
sub
jmp
mov
push
mov
push
push
push
mov
call
test
pop
push
mov
call
mov
jmp
xor
test
push
lea
push
mov
push
call
mov
test
push
mov
call
mov
pop
pop
pop
mov
push
mov
push
push
push
mov
call
test
pop
push
mov
call
mov
jmp
xor
test
push
lea
push
mov
push
call
mov
test
push
mov
call
mov
pop
pop
pop
mov
push
mov
push
push
push
mov
call
test
pop
push
mov
call
mov
jmp
xor
test
push
lea
push
mov
push
call
mov
test
push
mov
call
mov
pop
pop
pop
mov
push
mov
push
push
push
mov
call
test
pop
push
mov
call
mov
jmp
xor
test
push
lea
push
mov
push
call
mov
test
push
mov
call
mov
pop
pop
pop
mov
push
mov
push
push
push
mov
call
test
pop
push
mov
call
mov
jmp
xor
test
push
lea
push
mov
push
call
mov
test
push
mov
call
mov
pop
pop
pop
mov
push
mov
push
push
push
mov
call
test
pop
push
mov
call
mov
jmp
xor
test
push
lea
push
mov
push
call
mov
test
push
mov
call
mov
pop
pop
pop
mov
push
mov
push
push
push
mov
call
test
pop
push
mov
call
mov
jmp
xor
test
push
lea
push
mov
push
call
mov
test
push
mov
call
mov
pop
pop
pop
mov
push
mov
push
push
push
mov
call
test
pop
push
mov
call
mov
jmp
xor
test
push
lea
push
mov
push
call
mov
test
push
mov
call
mov
pop
pop
pop
mov
push
mov
push
mov
call
test
push
call
pop
mov
pop
pop
mov
push
mov
push
mov
call
test
push
call
pop
mov
pop
pop
mov
push
mov
push
mov
call
test
push
call
pop
mov
pop
pop
mov
push
mov
push
push
mov
and
lea
mov
call
push
call
mov
pop
pop
mov
push
mov
mov
push
mov
test
push
call
mov
pop
pop
mov
push
mov
push
push
mov
and
lea
mov
call
push
call
mov
pop
pop
mov
push
mov
push
push
mov
and
lea
mov
call
push
call
mov
pop
pop
mov
push
mov
push
push
mov
and
lea
mov
call
push
call
mov
pop
pop
mov
push
mov
push
push
mov
and
lea
mov
call
push
call
mov
pop
pop
mov
push
mov
mov
push
mov
test
push
call
mov
pop
pop
mov
push
mov
push
push
mov
and
lea
mov
call
push
call
mov
pop
pop
mov
push
mov
push
push
mov
and
lea
mov
call
push
call
mov
pop
pop
mov
push
mov
mov
push
mov
test
push
call
mov
pop
pop
mov
push
mov
push
push
mov
and
lea
mov
call
push
call
mov
pop
pop
mov
push
mov
push
push
push
mov
call
test
pop
push
mov
call
mov
jmp
xor
test
push
mov
push
push
call
mov
test
push
mov
call
mov
pop
pop
pop
mov
push
mov
push
push
push
mov
call
test
pop
push
mov
call
mov
jmp
xor
test
push
mov
push
push
call
mov
test
push
mov
call
mov
pop
pop
pop
mov
push
mov
push
push
push
mov
call
test
pop
push
mov
call
mov
jmp
xor
test
push
mov
push
push
call
mov
test
push
mov
call
mov
pop
pop
pop
mov
push
mov
push
push
push
mov
call
test
pop
push
mov
call
mov
jmp
xor
test
push
mov
push
push
call
mov
test
push
mov
call
mov
pop
pop
pop
mov
push
mov
push
push
push
mov
call
test
pop
push
mov
call
mov
jmp
xor
test
push
mov
push
push
call
mov
test
push
mov
call
mov
pop
pop
pop
mov
push
mov
push
push
push
mov
call
test
pop
push
mov
call
mov
jmp
xor
test
push
mov
push
push
call
mov
test
push
mov
call
mov
pop
pop
pop
mov
push
mov
push
push
push
mov
call
test
pop
push
mov
call
mov
jmp
xor
test
push
mov
push
push
call
mov
test
push
mov
call
mov
pop
pop
pop
mov
push
mov
push
push
push
mov
call
test
pop
push
mov
call
mov
jmp
xor
test
push
mov
push
push
call
mov
test
push
mov
call
mov
pop
pop
pop
mov
push
mov
cmp
push
push
push
call
pop
pop
jmp
mov
push
mov
cmp
push
push
push
call
pop
pop
jmp
mov
push
mov
cmp
push
push
push
call
pop
pop
jmp
mov
push
mov
cmp
push
push
push
call
pop
pop
jmp
mov
push
mov
cmp
push
push
push
call
pop
pop
jmp
mov
push
mov
cmp
push
push
push
call
pop
pop
jmp
mov
push
mov
cmp
push
push
push
call
pop
pop
jmp
mov
push
mov
cmp
push
push
push
call
pop
pop
jmp
mov
xor
mov
mov
mov
mov
mov
mov
push
mov
push
mov
mov
call
mov
mov
jmp
inc
inc
movzx
call
test
jmp
movzx
call
test
inc
inc
mov
test
mov
pop
pop
mov
push
mov
push
mov
push
push
call
lea
push
push
call
lea
push
push
call
add
push
push
call
xor
pop
pop
mov
push
mov
sub
cmp
mov
mov
push
push
push
mov
mov
mov
mov
mov
mov
push
push
lea
push
push
push
mov
push
call
test
push
lea
push
push
push
push
push
call
push
and
push
lea
push
push
push
push
call
push
lea
push
call
test
push
push
push
push
call
test
mov
push
push
push
push
call
push
mov
push
lea
push
push
push
push
call
test
or
mov
pop
pop
xor
pop
call
leave
mov
push
mov
sub
mov
push
push
mov
mov
mov
push
mov
mov
push
push
mov
lea
push
mov
push
push
mov
push
call
and
and
mov
lea
push
push
call
test
inc
cmp
jb
jmp
mov
mov
lea
shl
mov
mov
mov
or
push
lea
push
push
push
push
push
call
test
push
lea
push
call
test
mov
and
jmp
or
push
lea
push
push
push
push
push
call
test
push
lea
push
call
test
mov
and
jmp
or
push
lea
push
push
push
push
push
call
test
push
lea
push
call
test
mov
and
jmp
or
push
lea
push
push
push
push
push
call
test
push
lea
push
call
test
mov
and
jmp
or
push
lea
push
push
push
push
push
call
test
push
lea
push
call
test
mov
and
jmp
or
push
lea
push
push
push
push
push
call
test
push
lea
push
call
test
mov
and
jmp
or
push
lea
push
push
push
push
push
call
test
push
lea
push
call
test
mov
and
jmp
or
push
lea
push
push
push
push
push
call
test
pop
pop
pop
push
lea
push
call
test
mov
or
jmp
and
mov
xor
call
leave
mov
push
mov
sub
mov
push
push
mov
mov
mov
push
mov
mov
push
push
mov
lea
push
mov
push
push
mov
push
call
test
push
lea
push
call
test
mov
push
or
push
lea
push
push
push
push
call
test
mov
add
push
lea
push
call
jmp
and
push
lea
push
push
push
push
push
call
test
push
lea
push
call
test
mov
push
or
push
lea
push
push
push
push
call
test
mov
add
push
lea
push
call
push
lea
push
push
push
push
push
call
test
mov
add
push
lea
push
call
push
lea
push
push
push
push
push
call
test
mov
add
push
lea
push
call
push
lea
push
push
push
push
push
call
test
mov
add
push
lea
push
call
jmp
and
push
lea
push
push
push
push
push
call
test
push
lea
push
call
test
mov
and
jmp
or
push
lea
push
push
push
push
push
call
test
pop
pop
pop
push
lea
push
call
test
mov
and
jmp
or
mov
xor
call
leave
mov
push
mov
sub
mov
mov
mov
push
push
lea
push
push
push
push
call
xor
cmp
mov
sbb
and
add
call
leave
mov
push
mov
push
push
push
lea
push
push
xor
and
and
push
call
test
lea
push
push
lea
push
push
push
push
call
test
inc
cmp
push
call
mov
pop
leave
mov
push
mov
push
push
lea
push
push
xor
and
push
call
test
push
call
lea
push
push
push
push
push
push
call
test
inc
cmp
push
call
mov
pop
leave
mov
push
mov
push
push
lea
push
push
xor
push
mov
call
test
push
push
call
push
mov
neg
sbb
inc
call
mov
pop
leave
mov
push
mov
push
mov
call
push
mov
call
pop
mov
push
mov
sub
mov
push
mov
push
mov
push
push
mov
mov
call
lea
push
push
mov
call
cmp
mov
inc
inc
mov
push
push
call
xor
push
mov
push
push
push
push
mov
push
push
mov
call
cmp
mov
call
cmp
push
lea
push
push
push
call
test
and
push
lea
push
push
call
add
inc
xor
push
push
push
push
push
push
push
call
cmp
mov
call
cmp
cmp
jb
mov
and
mov
mov
pop
pop
pop
call
leave
mov
push
mov
sub
mov
or
push
mov
mov
mov
push
mov
mov
push
lea
push
call
test
mov
lea
jmp
test
push
call
mov
cmp
cmp
lea
sub
push
sar
mov
mov
push
mov
call
push
lea
push
mov
lea
push
push
push
push
call
test
sub
mov
push
push
push
push
call
test
lea
push
push
call
cmp
mov
push
push
push
push
call
test
lea
push
push
call
cmp
mov
lea
push
push
call
lea
push
push
call
mov
pop
mov
mov
pop
pop
call
leave
mov
push
mov
mov
call
mov
and
push
push
mov
push
mov
push
mov
mov
push
mov
lea
push
mov
push
push
push
mov
call
test
push
call
test
pop
mov
push
pop
jmp
push
mov
push
push
push
push
push
call
test
mov
or
cmp
mov
mov
call
cmp
jg
mov
push
call
mov
lea
cmp
mov
cmp
jl
mov
push
add
push
call
cmp
mov
and
cmp
jl
push
lea
push
push
call
add
push
lea
push
push
push
push
push
call
test
push
push
call
push
push
lea
push
call
add
test
jbe
push
lea
push
push
lea
push
push
call
inc
mov
cmp
jle
push
call
mov
add
push
push
mov
add
push
call
jmp
call
mov
jmp
mov
push
call
mov
pop
mov
pop
pop
pop
call
leave
mov
push
mov
sub
mov
push
push
mov
mov
push
lea
mov
mov
call
mov
push
mov
push
push
call
mov
push
mov
push
push
call
cmp
mov
jmp
lea
call
cmp
mov
jmp
lea
mov
test
mov
mov
mov
add
cmp
push
push
lea
call
test
mov
and
mov
add
and
jmp
test
push
lea
call
test
push
mov
add
push
jmp
mov
add
cmp
push
lea
call
test
push
push
call
mov
xor
cmp
mov
add
cmp
mov
cmp
push
push
call
push
push
lea
call
push
call
test
mov
push
add
push
call
jmp
lea
call
cmp
call
test
lea
call
jmp
lea
push
push
call
push
push
push
call
push
call
cmp
mov
jmp
lea
push
push
call
mov
push
add
lea
mov
call
push
push
call
push
push
call
push
push
call
push
mov
add
push
call
push
mov
add
push
call
mov
push
push
call
mov
push
push
call
xor
lea
call
mov
pop
mov
pop
pop
call
leave
mov
push
mov
push
mov
call
test
push
call
pop
mov
pop
pop
mov
push
mov
sub
push
mov
call
test
push
push
call
test
mov
push
pop
jmp
push
push
mov
push
push
mov
push
push
mov
push
push
push
call
push
push
push
push
push
push
call
push
push
push
push
push
push
call
push
push
push
push
push
push
call
push
mov
push
lea
push
push
push
push
call
push
push
call
push
push
call
push
push
call
push
mov
call
xor
cmp
mov
call
mov
jmp
mov
push
push
call
cmp
mov
push
call
push
push
call
cmp
mov
call
mov
jmp
mov
push
mov
call
cmp
mov
cmp
push
mov
call
push
mov
call
push
call
push
call
cmp
mov
jmp
push
push
call
test
mov
push
push
push
call
push
push
push
push
push
push
push
push
push
push
call
cmp
mov
push
call
mov
lea
call
push
call
inc
push
push
add
push
call
push
call
push
call
mov
pop
pop
pop
leave
mov
push
mov
mov
push
xor
test
mov
jmp
push
push
push
mov
push
lea
push
push
call
add
test
jl
cmp
ja
jmp
mov
and
pop
pop
mov
pop
pop
mov
push
mov
push
push
push
push
lea
push
push
push
mov
mov
call
mov
test
lea
push
push
push
push
push
push
call
push
mov
call
mov
pop
pop
pop
leave
mov
push
mov
push
and
push
push
push
lea
push
push
push
mov
mov
call
mov
test
push
push
lea
push
push
push
push
call
mov
cmp
push
call
pop
mov
pop
pop
leave
mov
push
mov
sub
mov
push
mov
push
pop
xor
lea
rep
lea
push
mov
call
mov
xor
cmp
pop
setz
call
leave
mov
push
mov
sub
mov
mov
lea
push
mov
call
cmp
xor
jmp
cmp
ja
xor
inc
jmp
cmp
ja
lea
push
lea
push
push
call
add
cmp
xor
cmp
setl
mov
call
leave
mov
push
xor
jmp
cmp
cmp
jb
cmp
ja
movzx
inc
lea
lea
inc
xor
mov
test
mov
xor
inc
pop
xor
pop
mov
push
mov
mov
mov
and
push
mov
cmp
jb
cmp
jbe
cmp
inc
inc
jmp
cmp
mov
jb
cmp
ja
cmp
inc
inc
cmp
and
inc
inc
cmp
mov
jmp
xor
pop
pop
mov
push
mov
push
push
push
push
mov
test
mov
xor
jmp
push
push
call
mov
lea
push
push
mov
call
test
pop
pop
mov
lea
push
mov
call
test
lea
mov
call
mov
test
mov
lea
push
call
test
mov
push
push
call
test
pop
pop
and
push
add
push
call
jmp
mov
push
push
lea
push
call
mov
test
mov
mov
push
push
call
test
pop
pop
and
push
push
add
push
call
jmp
push
push
add
push
call
and
xor
inc
pop
pop
pop
leave
mov
push
mov
push
lea
call
test
movzx
leave
xor
leave
mov
push
mov
push
push
and
lea
push
push
lea
push
push
push
mov
call
mov
and
leave
mov
push
mov
mov
mov
push
lea
cmp
push
mov
sub
mov
mov
inc
cmp
jb
pop
pop
pop
cmp
jb
cmp
jbe
cmp
jb
cmp
jbe
cmp
jb
cmp
ja
xor
inc
xor
mov
push
push
mov
mov
jmp
cmp
mov
inc
inc
jmp
call
test
mov
jmp
movzx
push
push
push
call
add
add
inc
inc
mov
test
and
pop
xor
pop
mov
push
mov
sub
mov
push
push
mov
push
mov
mov
mov
call
mov
push
lea
push
call
test
lea
push
push
lea
push
call
add
jmp
push
lea
push
call
push
mov
call
push
lea
push
push
call
mov
pop
pop
pop
call
leave
mov
push
mov
push
push
call
pop
mov
push
mov
push
push
call
pop
mov
push
mov
cmp
jbe
mov
pop
lea
push
push
push
push
call
pop
mov
push
push
mov
mov
call
test
push
mov
push
call
test
push
call
test
push
push
push
push
push
call
push
call
pop
pop
pop
mov
push
mov
sub
mov
and
push
mov
mov
push
push
mov
mov
mov
lea
push
lea
push
mov
push
mov
push
push
push
mov
mov
call
test
mov
call
push
push
push
lea
push
push
push
call
add
push
push
lea
push
call
lea
push
call
sub
push
push
lea
push
call
lea
push
call
lea
push
mov
call
push
lea
push
call
add
push
mov
call
push
lea
push
push
call
mov
jmp
lea
push
push
mov
push
push
push
push
call
test
mov
mov
push
call
push
push
push
call
push
push
xor
push
push
call
push
pop
cmp
mov
mov
cmp
cmp
mov
mov
pop
pop
pop
call
leave
mov
push
mov
sub
mov
and
push
mov
mov
push
push
mov
mov
mov
lea
push
lea
push
mov
push
mov
push
mov
push
push
mov
call
test
call
push
push
push
push
lea
push
push
call
add
push
push
mov
lea
push
call
lea
push
call
sub
push
push
lea
push
call
lea
push
call
lea
push
mov
call
push
lea
push
call
add
push
mov
call
push
lea
push
push
call
mov
lea
push
push
push
push
call
mov
pop
mov
mov
mov
pop
pop
call
leave
mov
push
mov
mov
xor
cmp
mov
sub
dec
mov
jmp
cmp
push
add
push
call
jmp
mov
mov
push
push
push
push
mov
call
pop
mov
push
mov
push
push
push
push
call
push
call
test
mov
mov
mov
mov
jmp
push
push
call
push
lea
push
push
lea
push
call
test
mov
push
push
call
push
push
call
push
push
call
push
call
test
mov
push
push
call
push
call
test
mov
and
lea
cmp
push
push
call
push
call
and
push
push
push
push
call
cmp
pop
pop
pop
push
call
mov
leave
mov
push
mov
push
call
push
push
call
pop
mov
push
mov
xor
cmp
mov
jmp
mov
push
mov
mov
test
mov
inc
inc
inc
inc
cmp
pop
dec
dec
mov
and
pop
mov
push
mov
push
mov
xor
cmp
mov
mov
cmp
inc
inc
dec
cmp
mov
jmp
mov
cmp
sub
mov
pop
pop
mov
push
push
mov
call
test
mov
mov
push
push
call
xor
pop
mov
push
mov
sub
mov
push
push
mov
pop
xor
lea
rep
lea
push
mov
call
test
pop
xor
inc
cmp
cmp
cmp
cmp
jbe
xor
mov
call
leave
mov
push
mov
sub
mov
and
push
mov
xor
mov
lea
push
rep
lea
push
push
push
call
test
pop
push
lea
push
call
lea
push
push
call
mov
mov
call
leave
mov
test
push
push
call
or
push
push
push
call
push
push
call
xor
inc
xor
mov
push
mov
push
mov
test
mov
jmp
mov
add
cmp
mov
call
push
jmp
push
call
mov
xor
pop
pop
mov
push
mov
sub
mov
and
push
push
push
mov
mov
push
lea
mov
mov
push
push
mov
call
test
mov
lea
push
lea
push
call
lea
push
lea
push
push
push
lea
push
push
call
mov
test
lea
push
call
mov
push
push
pop
call
jmp
lea
push
call
lea
cmp
mov
lea
push
lea
push
lea
push
lea
push
lea
push
push
lea
call
cmp
mov
cmp
mov
call
mov
jmp
cmp
mov
call
mov
mov
call
push
jmp
cmp
cmp
test
lea
push
jmp
push
push
push
call
mov
inc
mov
call
mov
test
mov
call
mov
mov
call
push
push
push
push
call
mov
mov
pop
pop
pop
call
leave
mov
push
mov
sub
mov
mov
mov
push
mov
mov
mov
push
mov
mov
lea
cmp
push
mov
mov
mov
push
call
mov
mov
test
call
jmp
cmp
push
push
call
test
mov
mov
mov
push
lea
push
lea
push
mov
call
push
lea
push
lea
push
call
push
lea
push
lea
push
call
push
lea
push
lea
push
call
push
lea
push
lea
push
call
push
add
lea
push
push
call
add
push
lea
push
push
push
mov
push
push
call
mov
pop
pop
pop
call
leave
mov
push
mov
push
push
mov
lea
cmp
push
call
mov
mov
test
call
jmp
lea
cmp
push
push
call
mov
mov
test
push
push
push
call
pop
pop
pop
mov
push
mov
push
push
mov
push
push
push
mov
xor
mov
push
mov
mov
call
cmp
pop
mov
call
mov
jmp
mov
mov
cmp
push
push
push
push
push
push
call
cmp
mov
mov
mov
cmp
mov
mov
cmp
jbe
push
push
push
call
test
mov
push
call
jmp
push
push
call
mov
mov
test
mov
mov
mov
test
jbe
mov
test
cmp
jbe
push
push
push
call
test
mov
push
call
jmp
push
push
call
mov
cmp
xor
mov
lea
mov
cmp
push
call
mov
mov
mov
add
mov
cmp
push
call
mov
mov
mov
mov
cmp
push
call
mov
mov
mov
mov
jmp
and
mov
test
mov
mov
mov
mov
mov
push
push
push
push
push
push
call
test
mov
cmp
mov
mov
push
call
mov
mov
mov
mov
mov
mov
mov
pop
pop
pop
leave
mov
push
mov
sub
mov
mov
mov
mov
mov
mov
mov
push
mov
mov
push
xor
mov
cmp
mov
mov
push
mov
mov
mov
mov
mov
mov
mov
push
call
cmp
pop
mov
call
jmp
xor
cmp
mov
mov
push
push
call
test
mov
call
mov
jmp
mov
push
mov
push
mov
call
test
mov
mov
mov
push
mov
push
lea
lea
call
xor
cmp
mov
lea
push
push
lea
push
push
lea
push
push
mov
call
cmp
mov
push
call
push
push
call
mov
push
mov
mov
call
cmp
jbe
push
push
call
mov
mov
mov
jmp
and
mov
lea
push
push
lea
push
push
lea
push
push
call
mov
xor
cmp
mov
cmp
push
setz
lea
or
mov
cmp
setz
lea
or
mov
mov
add
push
call
test
push
push
call
mov
test
mov
mov
xor
cmp
lea
setz
lea
or
mov
xor
cmp
setz
lea
or
mov
call
push
push
mov
mov
mov
mov
call
push
mov
push
call
test
mov
push
push
call
mov
push
mov
push
call
and
jmp
mov
mov
mov
shr
xor
rep
mov
and
xor
push
rep
mov
inc
push
lea
call
test
mov
push
mov
push
push
push
push
push
call
mov
mov
mov
cmp
push
call
cmp
push
call
mov
cmp
mov
call
mov
jmp
cmp
mov
call
mov
jmp
cmp
push
mov
call
push
lea
push
call
add
mov
call
push
push
lea
jmp
cmp
cmp
cmp
mov
call
mov
jmp
mov
cmp
cmp
cmp
test
push
lea
push
push
call
add
jmp
mov
call
mov
mov
call
push
push
push
push
call
mov
mov
pop
pop
pop
call
leave
mov
push
mov
mov
call
mov
push
mov
push
push
mov
mov
push
lea
push
push
mov
mov
mov
call
mov
push
lea
push
push
mov
mov
call
test
mov
lea
push
call
push
lea
call
jmp
push
call
and
mov
push
lea
push
push
mov
call
test
lea
push
call
push
lea
call
jmp
push
call
and
mov
push
lea
push
push
mov
call
test
lea
push
call
push
lea
call
jmp
add
push
call
and
mov
pop
pop
pop
call
leave
mov
push
mov
push
mov
cmp
push
mov
push
call
lea
mov
test
push
push
mov
call
push
call
and
pop
mov
xor
cmp
lea
cmp
push
push
call
mov
cmp
push
call
mov
pop
xor
pop
pop
mov
push
mov
mov
test
mov
jmp
mov
mov
mov
xor
pop
mov
push
mov
mov
test
mov
jmp
mov
mov
mov
xor
pop
mov
push
mov
push
mov
test
mov
jmp
mov
cmp
push
jmp
add
push
call
mov
xor
pop
pop
mov
push
mov
sub
mov
push
mov
test
mov
mov
mov
jmp
mov
push
lea
push
push
mov
mov
call
test
jl
lea
push
call
mov
jmp
and
xor
mov
pop
call
leave
mov
push
mov
push
mov
test
mov
jmp
mov
add
call
mov
xor
pop
pop
mov
push
mov
cmp
push
call
test
pop
mov
push
add
call
xor
pop
mov
push
mov
mov
test
mov
jmp
mov
mov
mov
xor
pop
mov
push
mov
cmp
push
call
test
pop
mov
push
add
call
xor
pop
mov
push
mov
mov
mov
mov
xor
pop
mov
push
mov
push
mov
push
lea
push
xor
push
mov
lea
push
push
push
push
call
cmp
mov
call
cmp
push
push
call
cmp
pop
mov
call
mov
jmp
xor
cmp
push
mov
call
push
mov
mov
call
pop
mov
mov
jmp
mov
mov
mov
pop
xor
pop
pop
mov
push
mov
push
mov
test
mov
jmp
mov
mov
test
cmp
cmp
jl
cmp
mov
jle
mov
call
push
jmp
push
call
mov
xor
pop
pop
mov
push
mov
push
mov
push
xor
cmp
mov
push
call
cmp
pop
mov
call
mov
test
push
mov
call
and
push
mov
call
mov
neg
sbb
pop
and
pop
pop
mov
push
mov
sub
mov
push
xor
push
push
push
push
push
push
push
mov
call
cmp
mov
push
push
push
push
call
mov
push
call
mov
lea
push
call
cmp
pop
pop
mov
cmp
push
lea
push
push
push
push
call
test
cmp
xor
xor
cmp
jbe
mov
movzx
mov
shr
mov
and
mov
mov
inc
mov
inc
inc
cmp
jb
xor
push
mov
call
mov
push
add
call
mov
mov
push
call
pop
cmp
push
call
pop
push
call
pop
pop
xor
pop
leave
mov
push
mov
push
mov
test
mov
jmp
mov
add
call
mov
xor
pop
pop
mov
push
mov
sub
mov
push
mov
test
mov
mov
mov
jmp
mov
push
lea
push
push
mov
mov
call
test
jl
lea
push
call
mov
jmp
and
xor
mov
pop
call
leave
mov
push
mov
sub
mov
push
mov
test
mov
mov
mov
jmp
mov
push
lea
push
push
mov
mov
call
test
jl
lea
push
call
mov
jmp
and
xor
mov
pop
call
leave
mov
push
mov
sub
mov
push
mov
test
push
mov
mov
mov
jmp
mov
push
push
lea
push
mov
push
mov
call
test
jl
lea
push
call
mov
jmp
and
cmp
cmp
mov
push
lea
push
push
mov
call
test
jl
lea
push
call
mov
jmp
and
xor
pop
mov
pop
pop
call
leave
mov
push
mov
sub
mov
push
mov
test
mov
mov
mov
jmp
mov
push
lea
push
push
mov
mov
call
test
jl
lea
push
call
mov
jmp
and
xor
mov
pop
call
leave
mov
push
mov
mov
test
mov
jmp
mov
mov
mov
xor
pop
mov
push
mov
mov
mov
mov
mov
xor
pop
mov
push
mov
mov
mov
mov
xor
pop
mov
push
mov
mov
mov
mov
xor
pop
mov
push
mov
push
mov
test
mov
jmp
mov
mov
test
call
cmp
test
mov
jmp
mov
call
push
call
mov
xor
pop
pop
mov
push
mov
mov
and
xor
pop
mov
push
mov
push
mov
test
mov
jmp
mov
add
call
push
call
mov
xor
pop
pop
mov
push
mov
push
mov
test
mov
jmp
push
push
mov
lea
mov
call
mov
call
mov
mov
lea
cmp
and
test
jle
push
mov
call
push
push
call
test
inc
mov
mov
cmp
jl
jmp
mov
mov
mov
mov
cmp
or
pop
xor
pop
pop
pop
mov
push
mov
sub
mov
push
mov
test
mov
mov
mov
jmp
push
lea
push
lea
call
test
lea
push
call
mov
jmp
and
xor
mov
pop
call
leave
mov
push
mov
push
mov
test
mov
jmp
mov
add
cmp
push
call
mov
jmp
and
xor
pop
pop
mov
push
mov
push
lea
push
push
mov
call
push
push
call
leave
mov
push
mov
push
mov
test
push
call
test
pop
mov
push
mov
push
add
mov
call
test
mov
call
mov
mov
call
push
jmp
cmp
mov
mov
test
mov
mov
cmp
inc
inc
mov
test
cmp
inc
inc
cmp
test
cmp
mov
call
mov
mov
call
push
push
push
mov
push
call
and
pop
jmp
mov
call
mov
mov
call
push
push
push
mov
push
call
mov
and
xor
pop
pop
mov
push
mov
push
mov
test
mov
jmp
and
push
push
call
mov
test
push
push
call
test
mov
mov
lea
push
push
call
test
mov
push
call
xor
pop
pop
pop
mov
push
mov
mov
test
mov
jmp
mov
mov
mov
xor
pop
mov
push
mov
mov
mov
mov
xor
pop
mov
push
mov
mov
test
mov
jmp
mov
mov
mov
xor
pop
mov
push
mov
push
mov
test
mov
jmp
mov
add
call
mov
xor
pop
pop
mov
push
mov
mov
push
add
call
xor
pop
mov
push
mov
mov
test
mov
jmp
mov
mov
mov
xor
pop
mov
push
mov
mov
test
mov
jmp
mov
mov
mov
xor
pop
mov
push
mov
mov
and
xor
pop
mov
push
mov
mov
test
mov
jmp
mov
and
mov
movzx
mov
xor
pop
mov
push
mov
mov
test
mov
jmp
mov
mov
mov
xor
pop
mov
push
mov
sub
mov
push
push
mov
push
mov
xor
mov
cmp
mov
mov
push
mov
call
cmp
pop
mov
call
mov
test
lea
push
push
mov
call
xor
inc
test
cmp
mov
push
mov
call
and
mov
mov
pop
pop
pop
call
leave
mov
push
mov
sub
push
push
push
lea
cmp
jge
mov
jmp
mov
mov
xor
mov
cmp
jge
lea
jmp
mov
lea
mov
cmp
cmp
push
call
pop
mov
push
call
mov
push
mov
mov
mov
mov
push
push
mov
xor
inc
lea
push
push
push
push
push
mov
mov
mov
mov
push
call
jmp
pop
pop
pop
leave
mov
push
mov
sub
push
push
push
push
mov
call
pop
mov
push
call
add
cmp
mov
jl
mov
mov
cmp
jge
lea
jmp
mov
lea
cmp
xor
cmp
mov
push
push
push
mov
mov
lea
push
push
push
push
mov
mov
mov
push
mov
mov
mov
push
call
add
jmp
push
call
pop
pop
pop
pop
leave
mov
push
mov
sub
push
push
push
push
mov
call
mov
pop
mov
mov
push
call
add
add
cmp
jge
mov
jmp
mov
mov
xor
mov
push
pop
cmp
jge
lea
jmp
mov
lea
mov
cmp
cmp
mov
push
push
mov
mov
push
mov
mov
mov
mov
lea
push
push
push
push
push
mov
mov
mov
mov
mov
push
call
jmp
push
call
pop
pop
pop
pop
leave
mov
push
mov
sub
push
push
push
push
mov
call
pop
mov
push
call
add
cmp
mov
jl
mov
mov
cmp
jge
lea
jmp
mov
lea
cmp
xor
cmp
mov
push
push
push
mov
mov
lea
push
push
push
push
mov
mov
mov
push
mov
mov
mov
push
call
add
jmp
push
call
pop
pop
pop
pop
leave
mov
push
mov
cmp
jbe
mov
pop
pop
jmp
mov
push
mov
push
mov
push
mov
lea
push
push
push
call
test
jl
push
mov
sub
push
lea
push
call
pop
pop
pop
mov
push
mov
cmp
push
mov
push
push
mov
mov
xor
lea
push
push
call
inc
cmp
push
call
cmp
cmp
jl
lea
xor
cmp
push
call
mov
push
lea
push
mov
call
push
mov
call
pop
pop
jmp
cmp
push
lea
mov
call
xor
pop
pop
mov
push
mov
sub
mov
push
push
push
push
mov
push
lea
push
push
mov
call
add
lea
push
call
inc
push
lea
push
xor
inc
push
push
push
call
xor
cmp
mov
mov
cmp
mov
ja
sub
dec
dec
dec
dec
mov
jmp
mov
jmp
mov
jmp
mov
jmp
mov
jmp
sub
dec
dec
sub
dec
mov
cmp
lea
cmp
mov
cmp
push
call
mov
cmp
push
push
call
cmp
push
call
push
call
mov
cmp
push
call
cmp
pop
mov
call
mov
jmp
xor
cmp
push
mov
call
push
mov
mov
call
jmp
mov
call
test
call
jmp
mov
push
lea
mov
call
cmp
push
jmp
cmp
mov
mov
push
mov
call
mov
pop
pop
xor
pop
call
leave
mov
push
mov
sub
mov
push
push
mov
lea
push
lea
push
lea
push
lea
push
mov
xor
lea
push
push
mov
mov
mov
call
cmp
mov
push
mov
cmp
mov
not
and
mov
mov
cmp
push
call
lea
push
call
mov
inc
lea
push
push
call
test
mov
mov
jmp
push
push
lea
push
call
push
push
push
call
lea
push
lea
push
call
test
jl
cmp
lea
push
call
pop
mov
jmp
mov
jmp
lea
cmp
lea
push
push
push
lea
push
push
call
add
jmp
lea
push
push
lea
push
push
call
add
lea
push
push
push
push
mov
lea
push
call
test
mov
push
push
call
test
mov
cmp
and
mov
push
lea
push
push
push
push
push
call
test
mov
mov
mov
dec
cmp
lea
mov
jb
mov
cmp
jb
and
push
call
cmp
push
push
call
mov
test
mov
jmp
push
push
push
lea
push
mov
push
push
push
call
test
mov
mov
cmp
push
push
call
test
mov
mov
push
mov
call
mov
push
push
push
lea
push
push
push
push
call
test
mov
mov
inc
push
push
call
test
mov
push
mov
add
push
push
call
lea
push
lea
push
call
test
jl
cmp
lea
push
call
pop
mov
jmp
mov
test
push
call
pop
mov
test
push
call
mov
mov
pop
pop
call
leave
mov
push
mov
sub
mov
push
mov
push
mov
and
push
mov
mov
mov
push
push
mov
call
test
mov
mov
jmp
mov
mov
push
lea
push
add
push
call
and
lea
push
push
lea
push
call
test
mov
push
push
call
xor
cmp
mov
mov
mov
lea
cmp
mov
mov
push
push
lea
push
push
push
push
call
cmp
lea
push
mov
push
add
push
call
mov
cmp
push
call
xor
cmp
lea
mov
push
call
push
push
push
push
call
mov
jmp
push
push
lea
push
push
push
push
call
mov
cmp
mov
cmp
push
call
jmp
cmp
cmp
push
call
cmp
pop
mov
call
jmp
xor
mov
mov
cmp
mov
call
mov
mov
call
push
push
push
push
call
jmp
push
call
mov
mov
cmp
push
call
cmp
mov
and
jmp
mov
mov
mov
mov
pop
mov
pop
xor
pop
call
leave
mov
push
mov
sub
push
push
push
lea
push
mov
xor
push
mov
mov
mov
mov
mov
call
mov
cmp
call
mov
jmp
push
push
call
cmp
mov
push
push
push
push
call
test
call
mov
jmp
lea
push
lea
push
push
push
call
test
mov
add
mov
movzx
push
push
push
push
call
mov
mov
mov
and
push
push
mov
push
push
push
call
mov
movzx
push
push
push
push
push
call
mov
mov
and
push
push
push
push
push
call
add
lea
push
lea
push
push
push
call
test
mov
movzx
mov
and
mov
push
call
mov
pop
pop
pop
leave
mov
push
mov
sub
mov
push
push
mov
xor
push
mov
mov
mov
call
mov
call
push
mov
pop
xor
lea
rep
lea
push
mov
call
test
push
pop
lea
rep
mov
mov
mov
mov
mov
push
mov
pop
xor
lea
rep
lea
push
call
mov
mov
push
lea
push
mov
push
call
test
mov
lea
call
test
push
lea
push
call
test
lea
push
call
lea
push
lea
push
call
cmp
mov
push
call
push
mov
call
mov
push
lea
push
call
mov
mov
lea
push
push
add
push
push
push
push
call
test
and
lea
push
push
lea
push
mov
push
push
push
call
test
lea
push
jmp
push
mov
call
mov
add
push
call
lea
push
push
lea
push
push
push
push
call
test
lea
push
jmp
push
call
mov
add
push
call
lea
push
push
push
push
call
mov
mov
xor
lea
push
push
push
call
test
mov
lea
push
lea
push
lea
push
push
push
push
mov
mov
call
test
and
lea
push
lea
push
lea
push
push
push
push
mov
call
test
and
push
call
xor
push
lea
push
mov
call
cmp
push
lea
push
call
push
lea
push
call
lea
push
lea
push
push
call
test
lea
push
lea
push
lea
push
push
push
push
mov
mov
call
test
xor
xor
cmp
jbe
mov
add
movzx
mov
shr
mov
mov
inc
inc
and
mov
inc
inc
mov
inc
inc
inc
cmp
jb
mov
mov
jmp
mov
mov
push
call
xor
jmp
call
mov
pop
pop
pop
call
leave
mov
push
mov
sub
mov
push
mov
push
push
mov
lea
push
lea
push
mov
xor
mov
push
push
push
push
mov
call
test
mov
jmp
lea
push
lea
push
call
lea
push
lea
push
lea
push
lea
push
lea
push
lea
push
lea
call
push
mov
push
lea
push
call
mov
inc
lea
call
test
push
push
add
push
call
mov
mov
pop
pop
pop
call
leave
mov
push
mov
sub
mov
mov
mov
push
mov
mov
push
mov
mov
mov
push
mov
mov
push
mov
xor
mov
mov
mov
mov
lea
push
push
mov
call
push
push
call
mov
lea
push
mov
xor
cmp
pop
lea
rep
mov
lea
rep
lea
mov
test
lea
push
xor
push
mov
add
push
xor
mov
push
mov
push
push
add
push
lea
push
lea
push
push
call
mov
test
mov
mov
mov
shr
rep
mov
and
push
rep
mov
push
lea
call
mov
test
lea
push
lea
push
lea
push
lea
push
push
mov
push
call
mov
test
lea
cmp
push
lea
push
call
jmp
mov
push
lea
push
push
mov
call
neg
sbb
inc
mov
push
lea
push
call
test
pop
pop
push
mov
call
test
lea
push
lea
push
lea
push
lea
push
push
mov
push
mov
mov
mov
mov
call
mov
test
mov
test
lea
mov
call
jmp
mov
jmp
mov
lea
mov
call
mov
mov
mov
or
mov
cmp
push
push
push
push
push
push
call
mov
test
xor
jmp
mov
cmp
mov
call
mov
jmp
cmp
mov
call
mov
jmp
cmp
push
mov
call
push
lea
push
call
add
mov
call
push
push
lea
jmp
cmp
cmp
cmp
mov
call
mov
jmp
cmp
cmp
cmp
test
push
lea
push
push
call
add
jmp
mov
call
mov
mov
call
push
push
push
push
call
mov
mov
pop
pop
pop
call
leave
mov
push
mov
sub
mov
push
push
push
mov
push
lea
mov
mov
push
xor
push
mov
mov
call
cmp
mov
mov
call
mov
mov
call
push
push
push
push
call
jmp
push
lea
lea
call
mov
push
add
lea
call
mov
cmp
lea
push
mov
call
mov
cmp
push
lea
jmp
lea
mov
call
mov
push
add
lea
call
mov
push
add
lea
call
push
pop
xor
lea
rep
lea
push
mov
call
test
push
pop
lea
rep
push
call
mov
cmp
push
push
call
cmp
mov
call
mov
push
call
cmp
mov
test
mov
or
mov
push
lea
push
push
lea
push
lea
push
movzx
push
lea
push
lea
push
push
lea
push
lea
push
lea
push
movzx
push
push
push
push
push
push
push
push
lea
push
lea
push
push
call
push
mov
push
mov
push
add
push
push
call
mov
add
push
push
add
push
call
mov
push
push
mov
call
mov
mov
pop
pop
pop
call
leave
mov
push
mov
sub
mov
push
lea
push
lea
push
lea
push
lea
lea
xor
push
add
push
mov
push
mov
mov
mov
mov
mov
mov
call
cmp
mov
cmp
push
mov
cmp
push
push
lea
push
push
call
xor
inc
mov
mov
mov
mov
and
push
call
cmp
pop
mov
call
mov
jmp
mov
mov
cmp
push
push
push
push
push
push
call
mov
push
call
pop
pop
mov
call
xor
pop
leave
mov
push
mov
cmp
push
call
test
pop
push
mov
push
add
push
call
xor
pop
mov
push
mov
mov
and
lea
call
xor
pop
mov
push
mov
mov
add
call
mov
neg
sbb
inc
mov
xor
pop
mov
push
mov
push
push
mov
push
push
mov
push
xor
mov
lea
push
push
push
push
lea
push
mov
call
cmp
cmp
mov
push
push
call
cmp
mov
mov
push
lea
push
push
push
push
push
call
test
mov
mov
mov
dec
cmp
lea
mov
jb
mov
cmp
jb
and
push
call
cmp
lea
push
call
push
push
push
push
call
push
mov
call
and
test
lea
call
mov
mov
pop
pop
xor
pop
leave
mov
push
mov
sub
mov
push
push
xor
push
mov
mov
call
cmp
mov
mov
push
push
call
cmp
mov
lea
push
push
call
test
mov
mov
push
push
mov
lea
mov
call
push
push
call
mov
neg
sbb
inc
lea
mov
setz
push
push
lea
push
lea
or
mov
cmp
mov
setz
lea
lea
or
mov
push
push
push
push
call
push
mov
call
test
mov
call
lea
push
lea
push
lea
push
lea
push
xor
push
push
mov
mov
mov
mov
call
test
jl
mov
mov
mov
mov
mov
pop
push
call
cmp
mov
call
mov
mov
call
push
push
push
push
call
pop
xor
pop
leave
mov
push
mov
sub
push
push
mov
push
push
xor
lea
mov
mov
mov
mov
call
push
mov
mov
call
cmp
mov
cmp
mov
cmp
xor
jmp
lea
cmp
mov
jmp
lea
push
lea
push
lea
push
lea
push
push
lea
push
call
cmp
mov
cmp
mov
cmp
mov
jl
push
push
call
cmp
mov
mov
mov
mov
jmp
push
lea
mov
push
add
push
call
lea
push
push
lea
push
mov
call
cmp
mov
jl
push
mov
push
add
push
call
push
mov
push
add
push
call
push
call
cmp
pop
mov
call
mov
jmp
mov
mov
cmp
lea
push
push
call
mov
push
push
push
lea
push
push
push
call
test
cmp
mov
setz
push
push
push
call
test
mov
mov
push
call
jmp
mov
push
call
cmp
jl
push
mov
mov
push
lea
push
call
push
lea
push
push
call
push
lea
push
mov
call
push
mov
push
call
push
push
call
neg
sbb
inc
setz
lea
mov
lea
mov
lea
or
mov
cmp
mov
setz
lea
or
mov
mov
jmp
mov
pop
pop
pop
leave
mov
push
mov
sub
mov
push
mov
push
mov
test
mov
mov
jmp
mov
movzx
dec
cmp
jle
mov
mov
mov
mov
lea
push
lea
push
add
push
push
lea
push
push
call
add
inc
lea
push
call
mov
xor
mov
pop
pop
call
leave
mov
push
mov
push
mov
lea
push
mov
call
mov
push
push
push
push
push
push
push
call
pop
pop
mov
push
mov
sub
mov
push
mov
mov
mov
push
push
xor
mov
mov
mov
lea
mov
mov
mov
mov
mov
mov
mov
call
cmp
mov
jmp
lea
cmp
mov
mov
push
mov
shl
mov
add
push
mov
call
test
mov
mov
add
push
mov
call
test
mov
mov
mov
mov
shr
rep
mov
and
push
rep
mov
push
lea
call
test
mov
lea
push
lea
push
lea
push
lea
push
push
mov
push
call
test
mov
mov
test
mov
mov
mov
mov
mov
mov
mov
mov
push
add
push
lea
push
call
mov
mov
mov
push
add
push
lea
push
call
and
mov
or
lea
push
call
test
mov
add
push
call
push
mov
add
push
lea
push
call
mov
add
push
call
push
mov
add
push
lea
push
call
mov
mov
test
push
push
push
push
push
push
call
mov
push
mov
push
lea
push
call
push
push
lea
push
call
push
lea
push
push
call
lea
push
push
lea
call
push
push
lea
call
mov
mov
mov
and
cmp
mov
call
mov
mov
call
push
push
push
push
call
jmp
cmp
mov
call
mov
jmp
cmp
push
mov
call
push
lea
push
call
add
mov
call
push
push
lea
jmp
cmp
cmp
test
cmp
mov
call
mov
jmp
cmp
cmp
cmp
push
lea
push
push
call
add
mov
lea
call
mov
pop
pop
mov
pop
call
leave
mov
call
mov
jmp
mov
push
mov
sub
push
push
mov
push
xor
push
push
push
push
lea
push
lea
push
mov
mov
mov
call
mov
push
mov
mov
push
add
push
mov
mov
call
mov
mov
push
mov
mov
mov
mov
lea
mov
call
push
lea
mov
call
mov
call
sub
sub
sub
mov
call
mov
jmp
mov
jmp
push
mov
call
sub
dec
dec
mov
call
mov
mov
call
push
push
push
push
call
jmp
cmp
call
mov
mov
mov
push
push
call
mov
mov
mov
mov
cmp
mov
mov
push
push
push
call
mov
mov
push
push
call
cmp
mov
mov
mov
call
mov
mov
call
push
push
push
push
call
jmp
mov
mov
mov
mov
mov
push
call
mov
mov
mov
mov
push
push
push
call
test
mov
jmp
cmp
mov
mov
cmp
mov
mov
add
mov
mov
add
mov
lea
shl
push
push
call
mov
mov
mov
mov
xor
cmp
mov
jbe
add
mov
mov
add
mov
inc
mov
mov
mov
mov
mov
mov
mov
lea
mov
mov
mov
mov
add
add
cmp
jb
push
call
test
mov
mov
jmp
lea
push
lea
push
lea
push
lea
push
push
lea
push
call
xor
cmp
mov
cmp
mov
mov
cmp
lea
push
push
lea
push
push
push
lea
call
cmp
jmp
jbe
mov
cmp
cmp
mov
mov
mov
push
call
mov
mov
cmp
push
call
and
mov
movzx
lea
push
push
call
xor
cmp
mov
mov
cmp
cmp
mov
jbe
push
push
call
mov
mov
mov
mov
mov
mov
test
mov
mov
push
push
push
call
mov
movzx
add
inc
cmp
jb
jmp
mov
cmp
mov
mov
mov
mov
call
mov
mov
call
push
push
push
push
call
jmp
mov
jmp
push
push
lea
push
push
push
push
push
call
push
lea
call
cmp
cmp
test
mov
lea
mov
call
mov
xor
cmp
cmp
push
push
call
push
call
mov
push
call
pop
pop
xor
pop
leave
mov
push
mov
push
and
push
push
mov
push
mov
lea
push
push
lea
push
push
xor
inc
mov
push
lea
call
cmp
mov
and
jmp
lea
call
mov
pop
pop
xor
pop
leave
mov
push
mov
push
push
push
mov
call
mov
call
xor
test
push
call
mov
jmp
mov
mov
mov
mov
mov
mov
mov
mov
mov
mov
mov
mov
mov
pop
mov
pop
pop
mov
push
mov
mov
test
push
mov
push
call
mov
test
push
call
pop
pop
mov
push
mov
push
push
mov
cmp
mov
mov
test
push
mov
push
push
call
mov
mov
test
cmp
push
push
call
mov
pop
xor
pop
inc
pop
pop
mov
push
mov
push
push
lea
push
push
mov
call
mov
test
push
push
call
mov
mov
pop
pop
pop
mov
push
mov
push
push
push
push
xor
cmp
push
mov
mov
cmp
mov
mov
jmp
mov
push
push
call
mov
test
mov
mov
add
push
push
mov
call
test
mov
push
pop
jmp
mov
lea
push
push
mov
call
mov
test
push
push
push
push
push
push
call
mov
mov
test
mov
mov
mov
push
mov
shr
rep
mov
and
rep
mov
call
test
push
call
mov
mov
mov
pop
pop
pop
leave
mov
push
mov
push
push
lea
push
push
mov
call
mov
test
push
push
call
mov
mov
pop
pop
pop
mov
push
mov
push
push
lea
push
push
mov
call
mov
test
push
call
push
mov
call
mov
pop
pop
pop
mov
push
mov
push
push
lea
push
push
mov
call
mov
test
push
push
call
mov
mov
pop
pop
pop
mov
push
mov
push
push
lea
push
push
mov
call
mov
test
push
push
push
call
mov
mov
pop
pop
pop
mov
push
mov
push
push
push
push
push
mov
mov
xor
call
mov
test
push
push
call
test
push
push
call
mov
push
call
mov
pop
pop
pop
leave
mov
push
mov
push
push
lea
push
push
mov
call
mov
test
push
push
push
call
mov
mov
pop
pop
pop
mov
push
mov
sub
mov
mov
mov
push
mov
mov
mov
push
mov
mov
mov
push
mov
lea
push
push
mov
mov
call
cmp
push
xor
pop
lea
rep
mov
mov
lea
push
lea
push
mov
mov
mov
call
test
mov
mov
mov
lea
push
push
mov
call
mov
test
mov
mov
mov
mov
shr
mov
rep
mov
and
rep
mov
jmp
mov
mov
mov
test
push
push
push
push
push
push
call
mov
mov
test
cmp
mov
mov
shr
mov
mov
rep
mov
and
push
rep
call
mov
lea
call
mov
mov
pop
pop
pop
call
leave
mov
push
mov
push
mov
and
push
push
call
mov
test
push
push
call
test
call
mov
push
call
pop
xor
pop
pop
mov
push
mov
and
push
mov
call
mov
pop
mov
pop
mov
cmp
push
call
cmp
xor
inc
xor
mov
push
mov
push
xor
jmp
cmp
push
call
mov
test
jmp
mov
mov
pop
pop
mov
cmp
mov
cmp
mov
cmp
mov
cmp
xor
inc
xor
mov
push
mov
mov
mov
and
mov
mov
pop
mov
push
mov
movzx
cmp
jl
cmp
jle
cmp
cmp
xor
inc
jmp
xor
pop
mov
push
mov
push
call
mov
cmp
inc
pop
mov
push
mov
jmp
mov
call
mov
movzx
mov
push
call
test
pop
mov
push
mov
test
or
mov
mov
mov
mov
push
xor
push
push
call
test
inc
cmp
jb
xor
pop
pop
mov
mov
mov
xor
inc
jmp
mov
push
mov
push
mov
push
push
call
test
add
cmp
jl
xor
inc
pop
pop
xor
jmp
mov
push
mov
mov
push
mov
and
mov
add
push
call
test
mov
and
mov
pop
pop
mov
push
mov
push
mov
mov
cmp
shl
push
push
call
test
mov
shl
mov
mov
mov
mov
inc
xor
inc
pop
pop
xor
jmp
mov
push
mov
sub
and
push
push
mov
call
mov
test
pop
mov
jmp
push
mov
push
push
call
push
lea
call
mov
lea
push
mov
call
push
mov
call
mov
test
mov
test
mov
mov
mov
shr
mov
rep
mov
and
rep
mov
mov
mov
mov
shr
rep
mov
and
rep
mov
mov
cmp
shl
push
push
call
test
pop
pop
shl
mov
mov
test
mov
mov
inc
jmp
push
jmp
mov
mov
jmp
push
mov
call
push
call
push
call
pop
mov
pop
pop
pop
leave
xor
cmp
cmp
cmp
cmp
inc
mov
push
mov
push
push
mov
xor
cmp
jle
mov
mov
push
mov
push
call
test
inc
cmp
jl
xor
pop
pop
pop
mov
mov
mov
jmp
mov
push
mov
push
and
push
mov
cmp
jle
push
mov
push
mov
mov
mov
push
call
push
call
push
call
inc
mov
cmp
pop
jl
pop
pop
and
xor
pop
leave
mov
push
mov
push
mov
push
call
pop
mov
push
mov
mov
call
pop
mov
push
mov
push
push
mov
push
push
push
xor
push
push
mov
call
mov
pop
pop
mov
push
mov
push
mov
push
call
push
call
mov
mov
pop
pop
mov
push
mov
push
push
mov
mov
push
mov
lea
push
push
lea
push
push
call
test
jl
mov
test
add
push
push
call
test
mov
mov
jmp
mov
lea
push
push
push
push
call
pop
pop
leave
mov
push
mov
push
push
push
push
mov
mov
test
push
call
inc
inc
mov
jmp
and
mov
mov
lea
push
push
lea
push
push
call
test
jl
cmp
mov
lea
push
push
push
push
call
jmp
xor
pop
pop
leave
mov
push
mov
mov
test
mov
push
push
push
push
call
pop
mov
push
mov
push
push
push
mov
push
call
xor
cmp
jl
push
mov
mov
push
push
lea
push
push
call
cmp
jl
mov
movzx
add
cmp
mov
ja
movzx
jmp
lea
cmp
mov
mov
mov
push
push
push
call
xor
jmp
xor
inc
jmp
push
jmp
push
jmp
push
pop
mov
push
push
add
push
push
call
jmp
push
lea
mov
call
mov
cmp
jge
push
jmp
cmp
mov
mov
mov
push
push
mov
call
mov
push
call
mov
pop
pop
pop
leave
mov
push
push
mov
push
mov
call
inc
push
call
pop
pop
mov
push
push
mov
push
mov
call
mov
test
mov
push
call
and
push
call
pop
pop
mov
push
mov
push
mov
and
push
push
push
mov
mov
call
cmp
lea
push
push
xor
mov
push
xor
mov
push
push
call
mov
test
jl
mov
mov
lea
push
push
push
call
mov
test
jl
mov
mov
mov
mov
push
call
mov
mov
mov
test
mov
push
call
xor
push
call
mov
pop
pop
pop
pop
mov
push
mov
cmp
mov
push
push
call
pop
mov
push
mov
push
push
lea
push
push
call
mov
test
mov
push
mov
push
push
push
call
mov
mov
push
call
mov
pop
pop
pop
mov
push
mov
push
push
push
push
mov
call
lea
push
push
mov
call
mov
test
mov
push
mov
push
push
push
push
push
push
push
call
mov
mov
push
call
mov
pop
pop
pop
mov
push
mov
push
mov
test
mov
and
cmp
mov
call
test
mov
jmp
mov
push
push
push
call
pop
pop
mov
push
mov
cmp
push
call
jmp
call
xor
pop
mov
push
mov
push
mov
mov
test
mov
mov
xor
inc
mov
jmp
cmp
push
push
push
pop
push
call
pop
mov
xor
test
mov
stosd
stosd
stosd
stosd
mov
mov
mov
mov
mov
cmp
mov
jl
mov
cmp
jge
lea
jmp
mov
lea
cmp
cmp
add
jmp
mov
mov
cmp
jl
mov
sub
sar
jmp
lea
mov
shl
push
push
call
mov
pop
xor
test
pop
mov
shl
lea
mov
mov
shr
rep
mov
mov
and
rep
mov
mov
mov
mov
mov
inc
pop
pop
pop
pop
mov
push
mov
mov
test
mov
test
dec
cmp
jb
xor
jmp
cmp
and
jmp
cmp
jl
mov
and
xor
inc
pop
mov
push
mov
mov
push
push
mov
push
mov
mov
call
lea
push
mov
call
mov
mov
push
mov
call
pop
pop
pop
pop
mov
push
push
push
mov
lea
push
call
mov
test
call
xor
cmp
mov
mov
test
push
call
xor
pop
pop
pop
test
mov
mov
jmp
mov
push
call
mov
jmp
mov
push
mov
mov
xor
test
push
call
and
pop
mov
push
mov
push
push
and
lea
push
lea
push
push
mov
push
push
push
push
push
push
call
mov
test
mov
mov
test
mov
call
mov
mov
pop
leave
mov
push
mov
push
and
push
lea
push
push
mov
push
push
push
call
test
mov
call
mov
mov
pop
leave
mov
push
mov
push
lea
push
push
push
push
push
call
pop
mov
push
mov
push
push
mov
call
lea
push
push
push
push
push
push
call
pop
pop
mov
push
mov
mov
mov
mov
sub
push
sub
push
mov
mov
mov
call
push
call
xor
inc
pop
mov
push
mov
push
mov
cmp
call
test
mov
push
mov
push
call
pop
pop
mov
push
mov
push
push
push
push
push
call
pop
mov
push
mov
mov
xor
cmp
jl
cmp
jle
cmp
jle
test
jg
xor
inc
pop
mov
push
mov
mov
push
mov
and
test
mov
push
push
push
call
mov
pop
pop
mov
push
mov
push
mov
test
mov
jmp
mov
and
push
call
test
mov
mov
add
mov
push
call
mov
xor
jmp
mov
push
jmp
mov
xor
test
setz
test
mov
mov
call
test
cmp
push
push
push
push
call
test
cmp
test
jl
add
mov
test
mov
pop
pop
pop
pop
mov
add
mov
push
call
mov
xor
jmp
mov
push
mov
push
push
mov
test
mov
push
call
mov
mov
test
mov
push
call
mov
mov
pop
pop
pop
mov
push
mov
mov
push
mov
push
mov
and
test
mov
push
push
push
call
test
mov
push
call
mov
pop
pop
pop
mov
push
mov
push
mov
test
cmp
mov
jmp
mov
and
and
mov
mov
push
mov
mov
mov
mov
lea
push
call
lea
push
call
add
push
call
xor
pop
pop
pop
mov
push
mov
push
mov
test
mov
jmp
and
cmp
push
mov
mov
jmp
mov
call
test
add
mov
test
jmp
push
lea
cmp
add
push
call
cmp
push
push
push
call
mov
push
call
cmp
push
mov
push
mov
push
call
mov
pop
mov
cmp
cmp
mov
mov
pop
pop
pop
mov
push
mov
push
mov
test
mov
jmp
push
mov
test
jmp
mov
test
mov
push
call
and
add
cmp
mov
lea
push
call
lea
push
call
lea
push
call
mov
test
pop
push
call
xor
pop
pop
mov
push
mov
mov
test
mov
jmp
push
mov
push
mov
test
push
mov
test
call
test
jmp
push
pop
xor
repe
push
call
add
mov
test
pop
pop
xor
pop
pop
mov
push
mov
sub
mov
mov
push
push
mov
push
mov
xor
xor
mov
mov
lea
rep
stosw
push
lea
push
push
call
cmp
push
lea
push
call
mov
lea
push
lea
push
call
cmp
mov
jge
cmp
lea
mov
cmp
mov
push
call
mov
test
test
mov
push
push
call
lea
push
lea
push
call
mov
test
jl
lea
push
lea
push
call
xor
cmp
lea
mov
push
call
mov
cmp
cmp
cmp
mov
cmp
mov
lea
push
sub
lea
sar
push
mov
push
call
mov
mov
test
mov
push
call
mov
pop
mov
pop
pop
call
leave
mov
push
mov
sub
push
mov
xor
push
push
push
mov
mov
mov
mov
lea
push
push
push
push
push
push
call
pop
leave
mov
push
mov
sub
xor
inc
push
mov
mov
mov
push
mov
mov
cmp
mov
lea
push
mov
mov
mov
mov
mov
cmp
test
mov
xor
push
push
push
lea
push
push
push
push
push
push
call
test
jge
mov
xor
push
push
push
lea
push
push
push
push
push
push
call
pop
pop
pop
leave
mov
push
mov
sub
push
mov
test
mov
cmp
mov
push
push
lea
mov
movsd
movsd
movsd
movsd
cmp
push
lea
push
push
xor
call
test
push
lea
push
call
test
mov
neg
push
mov
neg
push
lea
push
call
lea
push
call
mov
push
push
mov
mov
push
call
mov
mov
mov
mov
push
sub
push
sub
push
mov
push
push
push
push
call
pop
xor
pop
jmp
mov
pop
leave
mov
push
mov
sub
xor
cmp
push
mov
test
mov
jmp
lea
mov
mov
dec
push
pop
sub
sub
mov
jmp
cmp
push
push
xor
jmp
mov
mov
cmp
cmp
jb
mov
and
xor
lea
rep
mov
mov
mov
mov
mov
mov
mov
mov
mov
mov
mov
lea
mov
mov
push
mov
mov
mov
mov
call
pop
pop
pop
leave
mov
push
mov
sub
mov
push
mov
push
lea
mov
push
mov
push
call
mov
test
push
lea
push
mov
push
call
push
xor
pop
lea
rep
or
lea
lea
mov
mov
push
mov
mov
mov
mov
call
lea
push
mov
push
call
pop
mov
pop
xor
pop
call
leave
mov
push
mov
mov
push
xor
cmp
mov
cmp
movzx
add
movzx
movzx
push
movzx
push
add
push
add
add
push
push
call
pop
jmp
cmp
push
push
call
cmp
mov
jmp
push
push
push
push
call
pop
pop
mov
push
mov
push
push
push
push
push
call
mov
test
mov
push
push
call
push
push
mov
call
push
push
mov
call
jmp
xor
inc
mov
mov
mov
imul
mov
add
cdq
mov
mov
idiv
mov
mov
mov
imul
add
cdq
idiv
mov
pop
pop
pop
leave
mov
push
mov
sub
push
mov
cmp
push
push
mov
push
call
cmp
mov
test
mov
mov
mov
mov
mov
mov
lea
push
push
push
mov
call
test
push
call
xor
jmp
push
pop
lea
mov
rep
mov
mov
mov
mov
mov
mov
mov
jmp
mov
push
neg
sbb
not
and
push
call
mov
and
cmp
mov
push
lea
push
push
call
add
mov
push
pop
lea
push
push
mov
push
lea
rep
call
test
mov
push
call
mov
push
call
cmp
mov
mov
mov
mov
pop
pop
pop
leave
mov
push
mov
push
mov
mov
push
lea
push
push
mov
push
push
push
call
cmp
and
xor
jmp
test
mov
jmp
push
mov
push
push
call
pop
pop
mov
push
mov
cmp
push
mov
xor
jmp
push
lea
push
mov
call
cmp
test
mov
mov
mov
mov
mov
mov
push
push
sub
push
sub
push
push
push
movzx
push
push
push
push
push
push
call
pop
pop
mov
push
mov
mov
test
mov
push
call
and
pop
mov
push
mov
push
push
mov
call
mov
mov
test
mov
jmp
cmp
push
mov
mov
mov
call
jmp
mov
call
test
mov
cmp
mov
call
mov
mov
call
mov
add
lea
cmp
cmp
mov
mov
mov
inc
mov
inc
inc
inc
cmp
mov
jb
mov
cmp
mov
cmp
and
mov
call
jmp
mov
jmp
push
mov
call
test
call
mov
add
lea
cmp
cmp
mov
mov
inc
mov
inc
inc
inc
cmp
mov
jb
mov
mov
test
and
xor
pop
pop
pop
pop
mov
push
mov
sub
push
push
mov
push
mov
push
mov
call
test
pop
mov
mov
jmp
push
mov
call
test
jge
mov
jmp
lea
push
push
call
test
mov
jmp
push
call
mov
xor
cmp
pop
mov
jmp
mov
call
push
mov
call
cmp
jl
movzx
cmp
cmp
push
mov
push
call
jmp
lea
push
push
push
push
call
push
mov
push
call
push
mov
call
cmp
jge
mov
push
call
pop
push
call
pop
mov
pop
pop
pop
leave
mov
push
mov
push
xor
push
push
push
push
push
push
push
lea
push
push
push
push
push
mov
call
test
jge
xor
jmp
xor
cmp
sbb
neg
leave
mov
push
mov
push
push
push
xor
push
push
push
push
lea
push
push
push
push
push
push
push
push
mov
call
test
xor
jmp
cmp
lea
push
push
push
push
push
push
mov
call
test
cmp
setz
jmp
xor
inc
jmp
xor
cmp
sbb
neg
pop
leave
mov
push
mov
mov
call
mov
push
mov
cmp
push
mov
mov
push
call
test
jl
mov
call
lea
push
mov
call
test
jl
push
mov
call
test
jl
xor
mov
pop
pop
call
leave
mov
push
mov
push
mov
push
mov
jmp
xor
mov
mov
push
call
test
inc
inc
cmp
xor
inc
pop
pop
pop
xor
jmp
mov
push
mov
sub
mov
push
mov
and
push
push
mov
push
mov
mov
call
shl
push
lea
call
xor
cmp
push
call
mov
jmp
mov
cmp
mov
mov
mov
push
pop
cmp
mov
call
mov
cmp
push
call
mov
test
mov
sub
sar
cmp
jg
inc
push
push
lea
push
call
mov
lea
push
call
test
push
lea
call
jmp
mov
call
cmp
jmp
push
lea
call
mov
call
mov
cmp
jmp
mov
jmp
mov
push
lea
call
cmp
jl
mov
and
mov
push
call
mov
mov
pop
pop
pop
call
leave
mov
push
mov
sub
push
push
push
mov
mov
xor
push
push
mov
push
push
call
cmp
jl
movzx
add
cmp
ja
movzx
jmp
cmp
mov
mov
mov
lea
push
push
push
call
mov
cmp
jl
cmp
push
push
call
jmp
push
push
call
mov
mov
cmp
mov
push
call
jmp
xor
inc
jmp
push
jmp
push
jmp
push
pop
mov
push
push
add
push
push
call
jmp
lea
push
mov
call
cmp
push
push
push
lea
push
call
mov
cmp
jge
lea
push
call
push
jmp
push
jmp
push
lea
call
push
lea
call
mov
lea
push
call
push
call
mov
pop
pop
pop
leave
mov
push
mov
sub
mov
push
push
mov
mov
push
mov
push
push
xor
lea
mov
mov
call
cmp
push
mov
jmp
lea
push
call
cmp
lea
push
push
push
push
lea
push
lea
push
push
push
mov
call
test
lea
call
push
push
call
pop
lea
mov
call
mov
mov
pop
pop
call
leave
mov
push
mov
mov
test
push
mov
push
push
call
xor
pop
mov
push
mov
push
push
xor
cmp
mov
cmp
xor
inc
push
mov
call
test
cmp
xor
inc
mov
pop
pop
pop
mov
push
mov
push
mov
test
mov
jmp
and
push
mov
push
push
mov
test
mov
test
call
test
jmp
push
pop
xor
repe
push
call
test
mov
jl
add
mov
test
cmp
jl
cmp
push
push
call
mov
mov
pop
pop
pop
leave
mov
push
mov
push
mov
mov
test
test
cmp
push
push
call
test
jl
mov
push
mov
push
call
neg
sbb
inc
jmp
test
cmp
mov
mov
jmp
push
call
test
cmp
push
push
mov
call
xor
test
mov
jmp
push
call
neg
sbb
neg
jmp
xor
pop
pop
mov
push
mov
sub
push
push
push
mov
push
xor
lea
mov
mov
call
mov
cmp
mov
push
call
mov
cmp
jl
mov
cmp
mov
push
call
mov
cmp
mov
push
call
mov
cmp
mov
push
call
mov
jmp
mov
lea
push
push
mov
mov
call
push
push
lea
push
call
mov
cmp
mov
lea
push
push
call
push
push
lea
push
call
mov
cmp
lea
push
push
mov
mov
push
call
push
push
push
push
lea
push
push
push
push
push
push
push
call
push
mov
call
jmp
mov
mov
cmp
mov
push
call
mov
cmp
mov
push
call
mov
cmp
mov
push
call
mov
cmp
mov
push
call
mov
pop
pop
pop
leave
mov
push
mov
sub
push
push
mov
xor
cmp
xor
jmp
mov
lea
push
push
mov
mov
call
cmp
push
mov
push
mov
push
call
mov
test
push
test
mov
mov
lea
push
push
push
call
lea
mov
cmp
or
mov
push
call
xor
cmp
mov
and
and
or
shl
or
mov
jmp
mov
mov
push
push
push
call
cmp
or
jmp
mov
mov
push
push
push
call
mov
cmp
mov
cmp
mov
push
call
mov
jmp
or
mov
test
test
mov
mov
push
lea
push
push
call
jmp
test
mov
push
jmp
push
call
mov
cmp
jge
mov
cmp
mov
push
call
mov
jmp
mov
mov
push
call
mov
or
lea
push
mov
mov
mov
mov
push
call
test
mov
mov
lea
push
lea
push
lea
push
lea
push
lea
push
push
call
test
mov
mov
cmp
push
push
call
mov
push
call
jmp
mov
lea
push
push
mov
call
mov
mov
lea
push
lea
push
push
call
mov
lea
push
push
mov
mov
call
push
mov
call
test
mov
test
or
mov
mov
mov
push
call
mov
cmp
jge
mov
cmp
mov
push
call
mov
cmp
mov
push
call
mov
cmp
mov
push
call
jmp
push
mov
call
cmp
mov
cmp
mov
push
push
push
call
mov
cmp
mov
push
push
push
call
mov
cmp
mov
push
push
call
mov
cmp
mov
push
push
call
mov
mov
push
call
mov
cmp
mov
push
call
mov
cmp
mov
push
call
mov
cmp
mov
push
call
mov
cmp
mov
push
call
xor
pop
pop
pop
leave
mov
push
mov
sub
push
mov
mov
push
push
xor
push
mov
push
lea
push
push
mov
call
cmp
mov
jl
cmp
ja
mov
push
push
add
push
push
call
mov
mov
cmp
jl
mov
cmp
mov
mov
mov
mov
cmp
lea
push
call
push
lea
call
test
jl
mov
cmp
mov
mov
lea
push
mov
push
call
test
jl
mov
mov
mov
mov
lea
push
call
test
lea
push
jl
call
mov
add
cmp
mov
jmp
lea
push
call
mov
test
mov
push
call
mov
pop
pop
pop
leave
mov
push
mov
sub
push
mov
mov
push
push
xor
push
mov
push
lea
push
push
mov
mov
call
cmp
jl
mov
push
push
lea
push
push
call
cmp
mov
jl
mov
mov
mov
cmp
mov
mov
cmp
lea
push
call
mov
cmp
mov
mov
lea
push
mov
push
call
test
jl
mov
mov
mov
mov
lea
push
call
test
jl
push
lea
call
test
lea
push
jl
call
mov
add
cmp
mov
jmp
lea
push
mov
call
jmp
call
mov
and
mov
test
mov
push
call
mov
pop
pop
pop
leave
mov
push
mov
push
push
push
mov
xor
cmp
mov
and
lea
push
push
mov
call
test
jl
push
mov
mov
push
push
push
call
mov
mov
test
mov
push
call
pop
mov
pop
leave
mov
push
mov
push
push
push
mov
lea
push
call
add
mov
call
mov
test
mov
push
push
push
call
pop
xor
pop
pop
mov
push
mov
mov
test
mov
mov
mov
cmp
mov
mov
push
call
xor
pop
mov
push
mov
push
lea
cmp
push
call
test
jl
push
mov
push
mov
push
call
pop
pop
mov
push
mov
push
push
push
mov
mov
push
lea
push
xor
push
mov
mov
call
mov
cmp
mov
cmp
mov
push
push
call
test
mov
mov
push
call
mov
cmp
jge
mov
cmp
mov
push
call
mov
jmp
mov
mov
cmp
push
call
test
mov
push
call
mov
mov
cmp
cmp
test
mov
cmp
mov
push
call
mov
cmp
mov
push
call
lea
call
and
lea
call
mov
cmp
mov
push
call
xor
pop
pop
pop
leave
mov
push
mov
push
and
push
mov
mov
lea
push
push
mov
call
test
mov
mov
push
call
and
mov
mov
test
push
call
test
mov
push
call
mov
and
mov
test
mov
push
call
mov
test
mov
push
call
xor
pop
leave
mov
push
mov
sub
push
mov
mov
test
push
and
mov
mov
lea
xor
push
mov
mov
mov
mov
push
call
test
mov
mov
lea
push
lea
push
lea
push
lea
push
lea
push
push
call
mov
cmp
mov
push
push
push
call
mov
cmp
mov
push
push
push
call
mov
mov
push
push
call
mov
cmp
mov
push
call
mov
cmp
pop
mov
push
call
xor
pop
leave
test
mov
mov
test
push
push
push
call
neg
sbb
and
add
mov
test
mov
push
push
push
call
push
push
call
xor
mov
push
mov
push
push
test
push
push
mov
push
mov
mov
mov
jmp
mov
mov
cmp
mov
mov
lea
push
push
call
mov
mov
mov
mov
sub
sub
test
mov
mov
mov
mov
test
test
test
cmp
cmp
mov
jmp
xor
inc
mov
mov
mov
mov
and
pop
pop
pop
leave
mov
push
mov
sub
and
push
mov
cmp
mov
push
push
call
xor
cmp
mov
mov
push
mov
push
lea
movsd
movsd
movsd
push
push
movsd
call
mov
sub
neg
sbb
inc
push
lea
push
push
call
push
call
push
push
call
xor
push
push
push
push
call
push
push
push
push
call
mov
jmp
xor
mov
lea
push
mov
call
mov
mov
push
call
cmp
mov
push
call
cmp
pop
pop
push
push
call
mov
pop
leave
mov
push
mov
push
push
mov
call
mov
lea
push
push
mov
mov
call
mov
push
push
push
call
push
push
push
push
call
pop
pop
pop
mov
push
mov
mov
call
mov
and
mov
mov
mov
mov
push
mov
push
lea
push
mov
mov
call
mov
test
jl
push
jmp
mov
push
lea
push
call
mov
neg
push
lea
sbb
push
inc
call
test
test
lea
push
mov
call
mov
test
jl
cmp
and
push
lea
call
test
lea
push
mov
call
test
mov
mov
lea
push
lea
call
and
test
lea
push
mov
call
mov
test
jl
lea
push
mov
call
lea
mov
call
jmp
lea
call
push
lea
push
call
test
and
lea
push
mov
call
mov
test
jl
push
lea
push
call
test
lea
push
mov
call
mov
xor
cmp
jl
lea
push
mov
call
mov
cmp
jl
cmp
cmp
mov
mov
lea
push
lea
push
lea
push
mov
call
lea
mov
mov
call
cmp
jmp
cmp
lea
push
push
call
lea
push
mov
call
mov
cmp
jmp
push
lea
call
test
cmp
mov
push
lea
push
push
lea
call
test
push
lea
push
push
lea
call
test
xor
push
push
push
push
push
lea
push
push
lea
call
test
lea
push
mov
call
mov
test
jl
cmp
lea
push
push
lea
push
mov
call
jmp
cmp
push
lea
push
push
lea
call
test
mov
push
lea
push
lea
push
call
mov
test
push
mov
call
test
push
mov
call
test
lea
push
mov
call
mov
test
jl
lea
push
mov
call
mov
test
jl
cmp
push
push
push
mov
call
mov
test
jl
test
mov
mov
lea
push
mov
call
mov
test
jl
lea
push
mov
call
jmp
test
push
mov
call
test
lea
push
mov
call
test
lea
push
lea
call
jmp
cmp
lea
call
test
cmp
lea
push
push
call
lea
push
mov
call
mov
test
jl
lea
push
mov
call
mov
test
jl
cmp
cmp
push
push
mov
push
call
mov
test
jl
lea
mov
push
call
mov
test
jl
cmp
jmp
lea
call
mov
pop
lea
call
mov
mov
pop
pop
call
leave
lea
call
jmp
mov
push
mov
sub
mov
push
push
mov
push
lea
mov
mov
push
xor
push
mov
mov
call
mov
cmp
jl
mov
mov
jmp
lea
push
mov
call
mov
cmp
jl
xor
push
lea
push
call
test
inc
cmp
jb
mov
cmp
lea
push
mov
call
mov
cmp
jl
cmp
cmp
mov
mov
push
push
push
call
mov
test
jl
xor
jmp
mov
mov
jmp
push
push
push
call
mov
cmp
jl
mov
call
mov
cmp
jmp
mov
jmp
push
push
push
mov
mov
call
push
call
mov
mov
pop
pop
pop
call
leave
mov
push
mov
sub
push
push
push
push
lea
call
push
push
push
call
mov
test
mov
mov
call
test
jg
call
mov
jmp
call
mov
and
or
jmp
push
push
push
call
mov
test
push
push
call
mov
test
mov
call
test
jg
call
jmp
call
mov
and
or
jmp
push
push
call
mov
cmp
mov
lea
mov
add
and
call
mov
mov
mov
shr
mov
rep
mov
and
rep
mov
mov
mov
test
xor
jmp
push
call
mov
inc
lea
add
and
call
mov
push
push
push
call
push
lea
push
call
mov
push
call
mov
lea
pop
pop
pop
leave
mov
push
mov
movzx
mov
push
push
push
push
call
pop
mov
push
mov
movzx
mov
push
push
push
push
call
pop
mov
push
mov
sub
mov
push
mov
push
lea
mov
call
and
xor
mov
lea
rep
stosw
push
lea
push
push
call
lea
push
push
lea
push
call
test
jmp
push
push
lea
push
call
add
mov
test
cmp
push
push
lea
push
lea
push
call
jmp
call
mov
lea
push
call
mov
pop
mov
pop
call
leave
mov
push
mov
push
cmp
mov
mov
mov
jmp
mov
test
mov
jmp
push
push
push
xor
push
lea
pop
mov
repe
setz
test
mov
mov
neg
sbb
and
add
jmp
and
add
push
pop
mov
mov
xor
repe
mov
mov
mov
mov
mov
mov
mov
test
cmp
mov
mov
mov
mov
mov
test
cmp
push
mov
call
mov
call
xor
pop
pop
pop
leave
mov
push
mov
sub
mov
and
push
mov
and
push
mov
mov
mov
push
mov
lea
push
mov
push
push
call
test
lea
push
push
push
call
cmp
mov
xor
inc
mov
add
mov
lea
push
lea
push
lea
push
push
push
mov
push
call
test
lea
push
call
mov
mov
mov
add
push
call
call
mov
movzx
pop
mov
mov
pop
xor
pop
call
leave
mov
push
mov
push
mov
and
push
push
push
mov
mov
lea
push
mov
push
mov
push
call
test
lea
push
push
push
call
test
lea
push
push
push
call
cmp
mov
push
add
pop
mov
mov
test
push
call
lea
push
push
push
push
push
push
call
test
mov
and
add
dec
push
call
pop
pop
xor
pop
leave
mov
push
mov
mov
push
add
call
xor
pop
mov
push
mov
mov
push
add
call
xor
pop
mov
push
mov
mov
push
add
call
xor
pop
mov
push
mov
mov
push
add
call
xor
pop
mov
push
mov
mov
push
add
call
xor
pop
mov
push
mov
mov
push
add
call
xor
pop
mov
push
mov
mov
push
add
call
xor
pop
mov
push
mov
mov
push
add
call
xor
pop
mov
push
mov
mov
test
mov
jmp
mov
mov
mov
xor
pop
mov
push
mov
push
mov
test
mov
jmp
mov
add
call
mov
xor
pop
pop
mov
push
mov
push
mov
test
mov
jmp
mov
add
call
mov
xor
pop
pop
mov
push
mov
push
mov
test
mov
jmp
mov
add
call
mov
xor
pop
pop
mov
push
mov
push
mov
test
mov
jmp
mov
add
call
mov
xor
pop
pop
mov
push
mov
push
mov
test
mov
jmp
mov
add
call
mov
xor
pop
pop
mov
push
mov
push
mov
test
mov
jmp
mov
add
call
mov
xor
pop
pop
mov
push
mov
push
mov
test
mov
jmp
mov
add
call
mov
xor
pop
pop
mov
push
mov
mov
mov
lea
mov
pop
mov
push
mov
mov
and
push
mov
push
push
pop
mov
xor
repe
mov
push
pop
mov
xor
repe
mov
jmp
mov
mov
mov
push
call
xor
pop
pop
pop
mov
push
mov
push
mov
mov
test
mov
push
call
mov
test
mov
pop
mov
push
call
xor
pop
mov
push
mov
mov
mov
mov
push
xor
xor
mov
mov
lea
stosd
stosd
stosd
mov
mov
mov
xor
pop
pop
mov
push
mov
mov
push
add
call
xor
pop
mov
push
mov
mov
push
add
call
xor
pop
mov
push
mov
push
mov
test
mov
jmp
mov
add
call
mov
xor
pop
pop
mov
push
mov
sub
mov
mov
push
mov
mov
xor
cmp
push
mov
mov
mov
mov
jmp
push
lea
mov
cmp
push
call
push
call
mov
lea
push
push
call
mov
inc
push
lea
push
push
call
add
lea
push
lea
push
call
push
push
push
push
push
push
lea
push
call
cmp
mov
push
lea
push
push
push
push
call
push
call
lea
push
call
push
mov
call
mov
call
mov
mov
mov
mov
call
xor
pop
mov
pop
pop
call
leave
mov
push
mov
push
mov
test
mov
jmp
mov
add
call
mov
xor
pop
pop
mov
push
mov
sub
push
push
push
push
mov
call
pop
mov
push
call
add
cmp
mov
jl
mov
mov
cmp
jge
lea
jmp
mov
lea
cmp
xor
cmp
mov
push
push
push
mov
mov
lea
push
push
push
push
mov
mov
mov
push
mov
mov
mov
push
call
add
jmp
push
call
pop
pop
pop
pop
leave
mov
push
mov
mov
mov
push
mov
call
pop
xor
pop
mov
push
mov
mov
xor
mov
mov
mov
mov
mov
mov
mov
pop
mov
push
mov
cmp
mov
mov
push
add
call
xor
pop
mov
push
mov
sub
mov
push
mov
mov
mov
push
xor
cmp
mov
mov
push
call
mov
mov
mov
mov
cmp
push
lea
push
push
call
mov
inc
push
lea
push
push
call
add
lea
push
lea
push
call
push
push
push
push
push
push
lea
push
call
mov
cmp
push
lea
push
push
mov
push
push
call
push
call
lea
push
call
mov
push
add
call
pop
mov
mov
cmp
push
call
jmp
push
lea
call
mov
pop
pop
call
leave
mov
push
mov
push
mov
mov
test
mov
push
call
and
cmp
mov
call
mov
push
add
call
xor
pop
pop
mov
push
mov
push
mov
mov
xor
cmp
xor
inc
jmp
test
cmp
mov
mov
cmp
mov
cmp
mov
mov
push
call
xor
cmp
push
push
cmp
mov
mov
mov
mov
mov
add
add
cmp
jbe
mov
push
call
push
call
mov
push
push
push
call
push
call
push
call
test
mov
mov
mov
mov
lea
push
mov
mov
add
push
push
push
call
mov
cmp
cmp
xor
test
cmp
mov
call
xor
pop
pop
pop
pop
xor
inc
jmp
mov
push
mov
sub
push
mov
push
mov
push
push
xor
mov
call
mov
push
call
mov
mov
cmp
mov
cmp
push
push
call
mov
mov
push
call
mov
lea
mov
cmp
mov
push
call
mov
lea
mov
mov
cmp
mov
push
call
mov
mov
cmp
mov
mov
push
push
push
push
call
mov
mov
push
mov
mov
push
push
call
test
jl
push
call
cmp
pop
lea
push
mov
call
jmp
xor
cmp
mov
push
push
call
test
jl
push
push
push
push
call
test
jl
mov
mov
mov
lea
push
push
push
push
push
call
test
jge
mov
cmp
mov
push
call
mov
mov
cmp
mov
push
call
mov
mov
mov
cmp
mov
push
call
mov
mov
cmp
mov
push
call
mov
mov
jmp
cmp
mov
cmp
mov
mov
jmp
cmp
cmp
push
push
push
push
lea
push
call
test
cmp
lea
push
call
lea
push
call
push
push
push
lea
push
push
call
cmp
xor
mov
mov
push
call
mov
jmp
xor
inc
jmp
mov
mov
pop
pop
xor
pop
leave
mov
push
mov
mov
test
mov
test
mov
push
mov
mov
cmp
pop
mov
jmp
xor
mov
xor
jmp
mov
pop
mov
push
mov
mov
push
add
call
xor
pop
mov
push
mov
push
push
push
mov
mov
test
push
push
call
mov
push
pop
push
push
call
test
mov
mov
push
push
push
call
test
cmp
mov
push
push
call
mov
test
mov
mov
mov
push
call
push
push
push
mov
call
test
mov
mov
add
mov
test
push
call
mov
mov
lea
shl
push
push
call
xor
cmp
mov
xor
inc
jmp
lea
push
call
mov
mov
cmp
pop
mov
jbe
mov
add
mov
mov
mov
mov
mov
mov
add
mov
cmp
mov
test
push
call
push
lea
call
inc
mov
mov
add
add
cmp
jb
mov
mov
mov
mov
xor
pop
pop
pop
leave
mov
push
mov
mov
push
push
mov
lea
mov
shl
push
call
mov
mov
mov
mov
test
mov
mov
mov
pop
xor
pop
pop
mov
push
mov
mov
mov
test
mov
jmp
mov
imul
push
mov
add
lea
mov
mov
add
push
call
mov
mov
xor
pop
pop
mov
push
mov
mov
imul
push
push
mov
mov
mov
add
mov
add
mov
mov
mov
mov
mov
add
push
push
call
mov
mov
mov
mov
mov
mov
mov
test
push
call
and
mov
push
pop
push
push
call
test
mov
mov
push
mov
mov
push
push
call
test
cmp
mov
push
push
call
mov
test
mov
mov
mov
push
call
mov
push
push
mov
push
call
test
mov
jmp
mov
mov
mov
add
push
call
mov
mov
xor
pop
pop
pop
pop
mov
push
mov
mov
mov
test
push
push
call
xor
jmp
mov
pop
mov
push
mov
sub
mov
push
push
mov
mov
mov
push
xor
lea
mov
mov
mov
mov
cmp
mov
mov
push
mov
call
mov
cmp
lea
lea
push
push
call
cmp
mov
mov
lea
push
mov
call
push
push
push
push
call
test
push
call
push
push
push
push
call
push
call
lea
push
lea
push
call
cmp
lea
push
call
push
lea
call
cmp
mov
mov
mov
lea
push
mov
call
push
push
push
push
call
cmp
mov
jmp
cmp
mov
mov
or
mov
cmp
xor
lea
stosd
stosd
stosd
stosd
lea
push
lea
push
mov
push
push
push
push
call
inc
xor
test
cmp
mov
push
push
call
test
mov
mov
push
push
push
call
test
mov
push
push
call
test
mov
mov
mov
push
push
mov
push
call
test
mov
mov
mov
mov
add
xor
mov
cmp
jbe
mov
mov
cmp
add
mov
mov
inc
cmp
jb
jmp
mov
mov
mov
mov
xor
cmp
mov
mov
jmp
xor
mov
cmp
mov
cmp
push
call
mov
mov
call
mov
mov
call
push
push
push
push
call
mov
pop
pop
xor
pop
call
leave
mov
push
mov
sub
mov
and
mov
mov
push
mov
mov
call
test
mov
and
push
push
push
push
mov
mov
call
mov
pop
mov
push
push
push
push
push
push
call
test
mov
and
lea
cmp
jb
push
call
add
lea
push
call
mov
test
pop
pop
and
lea
cmp
jb
xor
cmp
cmp
mov
cmp
push
push
call
test
push
call
lea
cmp
jmp
mov
test
push
call
pop
push
mov
push
lea
push
push
push
push
call
cmp
push
push
call
test
mov
push
push
lea
push
call
add
lea
push
call
jmp
push
push
call
test
mov
push
mov
lea
push
lea
push
call
push
push
lea
push
call
add
lea
push
lea
push
call
test
mov
lea
push
mov
push
call
push
call
pop
pop
pop
cmp
and
mov
mov
call
leave
mov
push
mov
push
and
lea
push
push
push
call
test
push
push
lea
push
push
push
push
push
call
push
mov
call
test
pop
xor
inc
jmp
xor
leave
mov
push
mov
sub
mov
push
mov
push
push
mov
call
test
call
jmp
push
push
push
push
call
mov
xor
cmp
push
pop
jmp
push
lea
push
push
call
add
push
lea
push
call
mov
cmp
push
push
push
mov
call
cmp
cmp
mov
lea
cmp
mov
mov
inc
inc
cmp
cmp
mov
inc
mov
inc
inc
cmp
xor
cmp
push
push
push
call
cmp
push
lea
push
push
call
cmp
call
push
call
jmp
call
push
call
xor
pop
pop
mov
pop
call
leave
mov
push
mov
sub
push
push
push
mov
call
xor
push
push
mov
call
lea
add
mov
mov
xor
lea
inc
push
mov
mov
mov
mov
mov
mov
mov
mov
call
test
mov
jmp
cmp
lea
push
call
push
push
push
lea
push
push
call
test
push
push
push
lea
push
push
call
cmp
push
call
jmp
push
call
xor
jmp
call
mov
push
push
call
mov
pop
pop
pop
leave
mov
push
lea
cmp
lea
push
push
call
and
pop
mov
push
mov
sub
mov
mov
mov
push
push
lea
push
push
push
push
call
push
lea
push
call
mov
neg
sbb
inc
call
leave
mov
push
mov
push
push
mov
push
push
mov
push
mov
push
push
push
push
call
push
push
push
push
push
push
call
pop
pop
xor
pop
pop
mov
push
mov
sub
mov
and
push
mov
push
mov
push
mov
mov
push
push
mov
mov
mov
call
mov
test
mov
push
pop
jmp
push
push
push
push
push
push
call
test
or
xor
cmp
mov
push
call
cmp
pop
jg
mov
push
call
lea
cmp
cmp
jl
mov
push
push
lea
push
call
add
push
lea
push
call
cmp
mov
and
cmp
jl
push
lea
push
push
call
add
push
lea
push
push
push
push
push
call
mov
test
push
push
call
push
lea
push
push
call
add
add
push
lea
push
push
call
inc
mov
cmp
jle
mov
push
call
jmp
mov
push
call
mov
mov
pop
pop
pop
call
leave
mov
push
mov
sub
mov
push
push
push
mov
push
mov
mov
push
lea
push
push
push
push
mov
call
test
push
lea
push
call
lea
push
call
lea
push
lea
push
call
cmp
mov
push
lea
push
call
lea
push
lea
push
call
lea
push
push
push
mov
call
mov
pop
pop
pop
call
leave
mov
push
mov
push
and
push
mov
push
push
mov
call
test
mov
push
mov
push
push
call
test
mov
push
call
test
mov
push
push
call
test
mov
push
push
call
test
mov
push
push
call
test
mov
push
push
call
test
mov
push
push
call
test
mov
push
push
call
test
mov
push
push
call
test
mov
call
test
push
call
test
mov
push
push
call
test
mov
push
push
call
test
mov
mov
pop
mov
pop
pop
leave
mov
push
mov
mov
push
push
push
mov
push
mov
push
call
test
mov
push
push
call
pop
movzx
pop
pop
mov
push
mov
mov
call
mov
push
push
push
mov
mov
mov
push
push
mov
lea
push
mov
push
push
mov
push
mov
call
test
push
lea
push
push
push
push
push
call
test
push
push
push
push
call
test
mov
push
lea
push
push
push
push
push
call
test
push
lea
push
push
push
push
push
call
push
lea
push
push
push
push
push
call
test
xor
jmp
lea
call
mov
lea
push
call
test
lea
push
push
lea
call
lea
push
push
lea
call
lea
push
push
lea
call
push
lea
push
call
lea
push
push
lea
call
lea
push
push
lea
call
push
lea
push
push
push
push
push
call
test
lea
push
push
lea
push
push
call
add
push
lea
push
push
push
push
push
call
test
lea
push
push
xor
push
push
push
mov
mov
call
test
jl
lea
push
call
push
lea
call
mov
push
mov
push
call
mov
mov
lea
push
push
push
push
call
cmp
mov
mov
lea
push
push
call
lea
push
call
lea
push
push
call
lea
push
push
lea
call
mov
mov
push
call
push
mov
call
push
call
lea
call
xor
inc
mov
pop
pop
pop
call
leave
mov
push
mov
sub
mov
push
mov
mov
push
push
mov
mov
mov
push
lea
push
mov
call
xor
push
push
push
lea
push
push
push
mov
push
push
mov
call
push
push
push
lea
push
push
lea
push
push
push
call
push
push
push
lea
push
push
push
push
push
call
lea
push
mov
push
lea
push
lea
push
call
mov
pop
pop
xor
pop
call
leave
mov
push
mov
mov
mov
test
push
mov
push
lea
push
mov
shr
push
mov
add
push
push
push
push
call
mov
add
test
pop
and
cmp
mov
cmp
cmp
or
xor
pop
pop
mov
push
mov
sub
mov
mov
mov
push
push
lea
push
push
push
push
call
push
lea
push
call
mov
neg
sbb
inc
call
leave
mov
push
mov
sub
mov
mov
mov
push
push
lea
push
push
push
push
call
push
lea
push
call
mov
neg
sbb
inc
call
leave
mov
push
mov
mov
push
push
push
mov
call
pop
mov
push
mov
mov
push
mov
push
xor
test
cmp
mov
xor
test
setz
cmp
mov
test
push
call
jmp
inc
inc
jmp
cmp
push
call
pop
pop
pop
mov
push
mov
mov
push
push
mov
push
push
add
push
push
mov
push
push
mov
push
call
push
mov
push
add
push
push
push
push
call
pop
pop
xor
pop
pop
mov
push
mov
mov
xor
xor
jmp
cmp
jb
cmp
jbe
inc
inc
mov
test
jmp
cmp
ja
mov
imul
add
sub
inc
inc
mov
cmp
mov
mov
mov
pop
mov
push
mov
push
mov
push
push
push
mov
call
lea
push
push
mov
call
lea
push
push
mov
call
add
push
push
mov
call
pop
xor
pop
pop
mov
push
mov
sub
mov
push
mov
push
mov
push
mov
mov
push
push
mov
lea
push
push
push
mov
push
call
test
mov
jmp
push
and
push
lea
push
push
push
push
call
push
lea
push
call
test
push
push
push
push
call
test
mov
push
push
push
push
call
push
mov
push
lea
push
push
push
push
call
or
jmp
push
lea
push
call
xor
inc
mov
mov
xor
mov
pop
pop
pop
call
leave
mov
push
mov
sub
mov
push
mov
push
mov
push
mov
mov
push
push
mov
lea
push
push
push
mov
push
mov
call
and
and
mov
lea
push
push
call
test
inc
cmp
jb
jmp
mov
lea
shl
mov
mov
mov
or
push
lea
push
push
push
push
push
call
test
mov
push
lea
push
call
test
mov
and
jmp
or
push
lea
push
push
push
push
push
call
test
push
lea
push
call
test
mov
and
jmp
or
push
lea
push
push
push
push
push
call
test
push
lea
push
call
test
mov
and
jmp
or
push
lea
push
push
push
push
push
call
test
push
lea
push
call
test
mov
and
jmp
or
push
lea
push
push
push
push
push
call
test
push
lea
push
call
test
mov
and
jmp
or
push
lea
push
push
push
push
push
call
test
push
lea
push
call
test
mov
and
jmp
or
push
lea
push
push
push
push
push
call
test
push
lea
push
call
test
mov
and
jmp
mov
or
jmp
mov
push
lea
push
push
push
push
push
call
test
push
lea
push
call
test
or
jmp
and
mov
pop
pop
xor
pop
call
leave
mov
push
mov
sub
mov
push
mov
push
mov
push
mov
mov
push
push
mov
lea
push
push
push
mov
push
mov
call
test
push
lea
push
call
test
push
or
push
lea
push
push
push
push
call
test
mov
lea
push
lea
push
call
jmp
and
push
lea
push
push
push
push
push
call
test
push
lea
push
call
test
push
or
push
lea
push
push
push
push
call
test
mov
lea
push
lea
push
call
push
lea
push
push
push
push
push
call
test
mov
lea
push
lea
push
call
push
lea
push
push
push
push
push
call
test
mov
lea
push
lea
push
call
push
lea
push
push
push
push
push
call
test
mov
lea
push
lea
push
call
jmp
and
push
lea
push
push
push
push
push
call
test
push
lea
push
call
test
and
jmp
or
push
lea
push
push
push
push
push
call
test
push
lea
push
call
test
and
jmp
or
mov
pop
pop
xor
pop
call
leave
mov
push
mov
sub
mov
push
mov
push
mov
push
push
push
mov
lea
push
push
push
push
mov
xor
call
test
push
push
call
push
call
lea
push
push
call
cmp
mov
push
push
call
lea
push
push
call
mov
push
push
push
call
mov
mov
mov
pop
pop
pop
call
leave
mov
push
mov
sub
mov
mov
mov
push
push
lea
push
push
push
push
call
xor
cmp
mov
sbb
and
add
call
leave
mov
push
mov
push
mov
push
mov
push
push
push
mov
call
test
push
push
lea
push
push
push
push
call
push
push
mov
call
test
push
push
mov
call
pop
pop
pop
pop
mov
push
mov
sub
mov
push
mov
push
mov
push
mov
mov
mov
mov
mov
call
test
push
push
mov
push
push
mov
mov
push
push
push
call
push
mov
push
add
push
push
push
push
call
push
push
mov
lea
push
push
push
push
call
mov
lea
push
push
mov
call
test
push
mov
push
call
test
push
add
push
push
mov
call
lea
call
call
push
lea
mov
call
mov
test
pop
cmp
cmp
push
mov
xor
call
lea
call
mov
mov
pop
pop
call
leave
mov
push
mov
sub
mov
push
push
push
mov
mov
mov
xor
mov
mov
xor
mov
mov
lea
rep
mov
mov
lea
rep
mov
lea
movsd
movsd
movsd
push
pop
movsd
lea
rep
lea
push
push
push
push
push
mov
mov
call
cmp
cmp
lea
push
lea
push
push
push
push
push
mov
call
push
mov
call
cmp
push
lea
push
lea
push
call
cmp
mov
mov
mov
mov
mov
mov
mov
cmp
push
lea
push
lea
push
mov
call
cmp
mov
cmp
push
lea
push
lea
push
mov
call
add
cmp
push
lea
push
push
call
add
lea
push
call
mov
cmp
push
push
call
cmp
push
lea
push
push
call
push
call
mov
mov
pop
pop
pop
call
leave
mov
push
mov
mov
test
mov
jmp
mov
mov
mov
xor
pop
mov
push
mov
mov
mov
mov
xor
pop
mov
push
mov
mov
mov
mov
xor
pop
mov
push
mov
push
mov
test
mov
jmp
mov
add
push
call
mov
xor
pop
pop
mov
push
mov
sub
push
push
lea
cmp
push
mov
jl
mov
xor
mov
cmp
jge
lea
jmp
mov
lea
cmp
mov
cmp
push
push
push
lea
push
push
push
push
push
mov
mov
mov
mov
mov
push
call
add
jmp
pop
pop
pop
leave
mov
push
mov
sub
push
push
lea
cmp
push
mov
jl
mov
xor
mov
cmp
jge
lea
jmp
mov
lea
cmp
mov
cmp
push
push
push
lea
push
push
push
push
push
mov
mov
mov
mov
mov
push
call
add
jmp
pop
pop
pop
leave
mov
push
mov
sub
push
xor
mov
mov
mov
mov
call
test
push
mov
push
push
pop
push
push
call
cmp
mov
mov
jmp
push
mov
push
push
mov
call
test
mov
push
push
call
mov
test
mov
jmp
mov
mov
push
mov
call
push
push
push
mov
call
test
mov
jmp
mov
imul
push
push
call
test
mov
mov
mov
add
test
mov
imul
add
mov
imul
lea
mov
mov
push
sub
push
sub
call
push
push
mov
mov
push
mov
call
mov
push
push
call
mov
test
mov
push
push
push
push
call
cmp
mov
jmp
mov
push
imul
push
push
push
push
call
push
call
lea
mov
push
call
mov
cmp
xor
cmp
push
call
cmp
push
call
cmp
push
call
mov
pop
pop
pop
leave
mov
push
mov
mov
call
mov
mov
mov
mov
mov
mov
mov
push
mov
mov
push
push
xor
mov
cmp
mov
mov
mov
mov
mov
call
test
mov
push
push
call
mov
cmp
push
pop
jmp
push
mov
call
test
or
push
mov
call
test
mov
mov
jmp
push
push
mov
call
cmp
or
lea
mov
jmp
cmp
cmp
push
mov
call
test
cmp
cmp
push
lea
push
push
push
call
lea
push
lea
push
lea
push
lea
push
call
add
push
mov
call
push
lea
push
push
call
cmp
lea
cmp
cmp
push
push
call
push
lea
push
call
push
mov
and
push
push
push
lea
push
lea
push
push
push
push
push
call
push
push
mov
call
mov
add
mov
call
push
push
lea
push
mov
call
cmp
push
call
test
mov
xor
cmp
push
push
mov
mov
call
lea
push
push
mov
call
push
mov
and
push
lea
push
push
push
push
push
push
push
push
call
mov
push
call
mov
mov
pop
pop
pop
call
leave
mov
push
mov
sub
mov
mov
push
xor
mov
mov
push
mov
push
mov
xor
mov
lea
stosw
mov
mov
lea
rep
stosw
mov
lea
mov
mov
mov
mov
mov
mov
mov
call
test
push
mov
call
test
jge
cmp
push
call
mov
mov
call
jmp
push
mov
push
lea
push
push
push
push
call
test
mov
push
lea
push
push
push
push
push
call
test
push
lea
push
push
push
call
test
mov
push
lea
mov
call
test
lea
push
mov
mov
mov
mov
mov
mov
mov
mov
mov
mov
call
cmp
push
mov
call
test
lea
call
mov
mov
push
lea
push
push
lea
push
push
mov
call
push
mov
call
push
lea
push
push
lea
push
lea
push
push
call
push
lea
call
cmp
mov
cmp
push
call
mov
mov
call
mov
cmp
push
lea
call
lea
push
push
lea
call
cmp
cmp
push
lea
push
push
push
call
mov
jmp
push
push
push
call
add
cmp
cmp
cmp
push
call
mov
mov
call
mov
cmp
push
lea
push
mov
call
cmp
mov
call
cmp
push
call
jmp
lea
call
cmp
cmp
push
call
mov
mov
call
lea
cmp
lea
call
lea
call
test
jge
cmp
push
mov
xor
call
cmp
lea
call
mov
cmp
cmp
jl
mov
mov
mov
pop
pop
xor
pop
call
leave
mov
push
mov
sub
push
xor
cmp
push
mov
mov
mov
mov
cmp
push
push
call
cmp
mov
push
push
call
mov
cmp
lea
push
push
call
test
push
push
call
cmp
mov
lea
push
push
call
test
mov
push
xor
pop
div
mov
xor
cmp
jbe
mov
mov
mov
cmp
inc
add
cmp
jb
jmp
mov
lea
lea
push
pop
rep
mov
cmp
push
call
pop
mov
pop
pop
leave
mov
test
push
call
cmp
cmp
cmp
jb
cmp
jbe
cmp
cmp
jb
cmp
jbe
mov
cmp
ja
add
cmp
ja
sub
sub
dec
sub
sub
mov
xor
sub
dec
sub
sub
dec
mov
mov
mov
mov
cmp
ja
sub
dec
sub
dec
sub
mov
mov
mov
mov
sub
sub
sub
sub
mov
mov
mov
push
call
mov
mov
and
mov
push
mov
push
mov
push
push
push
push
push
call
test
and
xor
test
setz
mov
pop
pop
mov
push
mov
push
mov
cmp
xor
jmp
push
push
push
call
test
and
xor
test
setz
mov
pop
pop
mov
push
mov
mov
test
xor
pop
push
call
test
and
xor
test
setz
mov
pop
mov
push
mov
push
mov
test
xor
jmp
lea
push
push
lea
push
push
push
mov
push
call
test
cmp
inc
jmp
xor
leave
mov
push
mov
push
mov
cmp
xor
jmp
push
call
lea
push
push
push
push
push
push
call
neg
sbb
inc
pop
pop
mov
push
mov
mov
test
xor
jmp
push
lea
push
push
push
push
push
call
neg
sbb
inc
pop
cmp
jmp
mov
push
mov
sub
mov
test
cmp
push
lea
push
call
mov
xor
call
xor
call
xor
call
xor
lea
push
call
mov
xor
xor
and
pop
mov
mov
not
mov
leave
cmp
test
jmp
mov
push
mov
sub
push
mov
mov
mov
mov
mov
mov
mov
mov
mov
mov
mov
mov
pushf
pop
mov
mov
mov
lea
mov
lea
mov
mov
push
pop
xor
lea
rep
mov
mov
mov
lea
mov
lea
mov
mov
mov
mov
mov
push
call
lea
push
call
push
call
push
call
pop
leave
mov
push
mov
push
xor
cmp
cmp
jle
cmp
mov
mov
mov
push
call
cmp
pop
mov
xor
jmp
mov
mov
push
push
mov
call
inc
pop
jmp
cmp
mov
cmp
jmp
mov
mov
cmp
call
mov
sub
cmp
push
call
mov
pop
xor
inc
pop
pop
sub
pusha
mov
imul
push
mov
lea
push
mov
add
push
xor
push
call
mov
xor
xor
xor
xor
mov
sub
push
push
mov
push
pop
mov
add
lea
movzx
mov
add
test
pop
push
pop
call
add
push
push
push
call
test
and
cmp
mov
test
push
push
push
call
mov
mov
pop
pop
pop
pop
cmp
neg
add
add
test
xchg
mov
push
push
lea
sub
sub
test
cmp
sub
mov
test
mov
mov
mov
push
mov
push
mov
mov
cmp
push
push
call
push
call
jmp
push
call
pop
mov
push
push
push
call
mov
xor
cmp
xor
jmp
push
mov
push
push
call
cmp
push
call
jmp
xor
cmp
xor
inc
mov
jmp
push
push
call
push
push
mov
call
push
push
mov
call
cmp
mov
cmp
cmp
mov
mov
add
mov
cmp
push
push
mov
call
push
call
mov
xor
cmp
push
push
push
mov
mov
call
test
push
push
call
push
call
mov
mov
xor
inc
jmp
xor
pop
pop
pop
mov
push
mov
pop
jmp
cmp
push
call
test
mov
cmp
push
push
call
push
call
test
pop
push
call
test
push
mov
push
push
push
call
mov
test
xor
pop
mov
push
push
call
mov
test
push
push
push
call
jmp
mov
add
push
push
call
add
cmp
jb
mov
pop
pop
jmp
